id,Status_C,Status_CL,Status_D
7905,0.7039889484668274,0.05849231029567818,0.23751874123749425
7906,0.8270677202114711,0.038674960354831624,0.13425731943369684
7907,0.15753623256811655,0.04649205393051522,0.7959717135013685
7908,0.9309900491503028,0.00861677829624394,0.06039317255345355
7909,0.6457127489021681,0.06226982545896108,0.2920174256388711
7910,0.9657063993698575,0.007361931907784641,0.026931668722358304
7911,0.9582945143469207,0.007599003286107648,0.0341064823669724
7912,0.529449408245388,0.017025495773500817,0.4535250959811115
7913,0.08725789676263578,0.017127946054097683,0.8956141571832668
7914,0.586845106400547,0.03231212268828057,0.38084277091117247
7915,0.6165642990128546,0.05860243849209317,0.32483326249505234
7916,0.7283233303456704,0.014478470443110831,0.25719819921121917
7917,0.4259841035106608,0.15254409348897963,0.42147180300035947
7918,0.7241336979660324,0.0179667337996691,0.2578995682342974
7919,0.4743093489732699,0.05354781543483257,0.47214283559189757
7920,0.8965217001583344,0.009146779971029785,0.09433151987063608
7921,0.9187826133417822,0.012227780427668361,0.06898960623054975
7922,0.10149447217058688,0.025234287681394962,0.873271240148018
7923,0.7952447039871803,0.004714216344491931,0.20004107966832793
7924,0.6493715771292188,0.11219996011185754,0.23842846275892404
7925,0.010857068576468244,0.005036731589763376,0.9841061998337682
7926,0.7436066838287023,0.008513020078611367,0.24788029609268647
7927,0.7178158172790406,0.07293520427248859,0.20924897844847104
7928,0.06808157701378213,0.03022611904196675,0.9016923039442503
7929,0.8248033698854015,0.04935527568163112,0.12584135443296643
7930,0.14021374648805598,0.12023041150456763,0.7395558420073765
7931,0.8027704330860339,0.014693435084208032,0.18253613182975792
7932,0.14440179899813216,0.03384723369197833,0.8217509673098898
7933,0.6705616416651121,0.021747200484205673,0.3076911578506824
7934,0.9566660602912104,0.007198436132022352,0.0361355035767676
7935,0.876199160122995,0.006856221133770792,0.11694461874323461
7936,0.9283046577876549,0.014278454087946221,0.05741688812439881
7937,0.2905742412602471,0.03815114890828036,0.671274609831472
7938,0.9598436526042489,0.006110501307998307,0.034045846087752525
7939,0.4275478075601749,0.0860350545819695,0.486417137857856
7940,0.7218209028172351,0.10115515385910873,0.17702394332365615
7941,0.18670002309812236,0.18406342616785082,0.6292365507340266
7942,0.9475058513986837,0.011780458158393917,0.04071369044292279
7943,0.14014392637629816,0.04966144642020657,0.8101946272034951
7944,0.9551674778428526,0.007138094768200712,0.03769442738894707
7945,0.9216017952282145,0.0071621444763670375,0.07123606029541889
7946,0.8260950275045122,0.02740439713846201,0.14650057535702637
7947,0.8015854500040274,0.011103675387965493,0.18731087460800688
7948,0.1857487494664166,0.05347203686605507,0.7607792136675284
7949,0.13769423657262267,0.1024883798895469,0.7598173835378305
7950,0.9107219509982347,0.017656003748263455,0.07162204525350167
7951,0.5081735845032105,0.0726005278517141,0.4192258876450754
7952,0.21939113274855462,0.06646830681626904,0.7141405604351764
7953,0.0018722412293475195,0.0009682310540236812,0.9971595277166286
7954,0.8105286091142948,0.013264953121244972,0.1762064377644599
7955,0.3417505638984764,0.05166995695975492,0.6065794791417684
7956,0.04191271520739189,0.06282832594532646,0.8952589588472815
7957,0.9474699166709966,0.011448268961193726,0.04108181436780984
7958,0.022384919354319854,0.007883155773183553,0.9697319248724958
7959,0.5996843166095658,0.07678834016244764,0.32352734322798654
7960,0.27124478171093597,0.051926905351703606,0.6768283129373602
7961,0.9431105001206777,0.01300405593357671,0.04388544394574561
7962,0.31855843053435656,0.03731830606303921,0.6441232634026044
7963,0.2501743047761555,0.06272040538836711,0.6871052898354774
7964,0.009711470591733998,0.014647991916477343,0.9756405374917887
7965,0.9355485177443775,0.013875622796571955,0.05057585945905012
7966,0.478593681844649,0.04988417786448527,0.47152214029086614
7967,0.9112254808008544,0.02298615068872793,0.06578836851041825
7968,0.895142016414066,0.004652315437514737,0.1002056681484191
7969,0.4652682122841077,0.039379625961536956,0.4953521617543555
7970,0.9489533227711395,0.006663209611985859,0.04438346761687482
7971,0.9516772535841364,0.005163261147755137,0.04315948526810851
7972,0.5124539968395349,0.14850165244471872,0.3390443507157463
7973,0.9503120949200123,0.010099741110253878,0.039588163969733935
7974,0.2546808104787871,0.08155576192556781,0.663763427595645
7975,0.8752722042094312,0.01655642887989977,0.10817136691066874
7976,0.8887108816091127,0.008854602071551082,0.10243451631933606
7977,0.9301579817569001,0.007604016703653113,0.06223800153944665
7978,0.0357661190975215,0.010790537979642472,0.953443342922836
7979,0.4215754883351009,0.06428501947396331,0.514139492190936
7980,0.7590714713860497,0.04352064778622588,0.1974078808277243
7981,0.6603773590554419,0.06515663154926526,0.27446600939529336
7982,0.7537079667168626,0.019002310658085716,0.22728972262505218
7983,0.6960097958498799,0.058394472726982796,0.2455957314231373
7984,0.11888476913565138,0.08259008391743711,0.7985251469469115
7985,0.6376201867810755,0.03505561509141769,0.3273241981275065
7986,0.1360292512682031,0.13174039688087702,0.73223035185092
7987,0.6106112150164498,0.03717898300236438,0.35220980198118557
7988,0.7671924294589961,0.04345275631290138,0.1893548142281029
7989,0.905079621077431,0.01674028878738264,0.07818009013518623
7990,0.32666885080741204,0.0419306854817552,0.631400463710833
7991,0.04452924570148351,0.016032852279734368,0.9394379020187823
7992,0.9532516532906224,0.006532617996363928,0.040215728713014744
7993,0.7942890969412689,0.017365370173374216,0.18834553288535624
7994,0.9034748016676588,0.016513537904710333,0.08001166042763065
7995,0.8574805371036994,0.013129620310731423,0.12938984258556926
7996,0.13064910628644733,0.05193157876216061,0.817419314951392
7997,0.9219982085543198,0.017354710136156585,0.060647081309523426
7998,0.0026947911102483246,0.0007650483771613516,0.9965401605125904
7999,0.002399802601535731,0.0043862617686421836,0.9932139356298221
8000,0.7675854192654747,0.029827128649192087,0.20258745208533338
8001,0.8679363011597306,0.011487029201924926,0.1205766696383442
8002,0.33887798032413075,0.08238625895266947,0.5787357607231999
8003,0.7539526469957255,0.09889840135788819,0.1471489516463864
8004,0.640610266298006,0.019215308592248213,0.3401744251097458
8005,0.716098185175016,0.03357027664422728,0.25033153818075676
8006,0.7909190682103991,0.05201619236444397,0.15706473942515692
8007,0.800223765203652,0.01399021319443464,0.18578602160191343
8008,0.9548274888828001,0.009515454293220104,0.035657056823980474
8009,0.7541052268925154,0.03878150747896065,0.2071132656285239
8010,0.9363241598234866,0.019212194190208705,0.0444636459863049
8011,0.6951118004180865,0.07130444287269683,0.2335837567092167
8012,0.7936970898516382,0.018656591589275115,0.18764631855908617
8013,0.1836790967756434,0.03274046016771704,0.7835804430566392
8014,0.8564074566625794,0.030911393287329995,0.11268115005009031
8015,0.9536886727230169,0.008567929086878442,0.037743398190104686
8016,0.9624439327157497,0.008224961689773689,0.02933110559447675
8017,0.67723478355177,0.009857320300535223,0.3129078961476943
8018,0.6379326425823337,0.028697226200462212,0.33337013121720377
8019,0.963372470024715,0.006569276844311031,0.03005825313097409
8020,0.6271598338466118,0.03931690882369294,0.3335232573296955
8021,0.13177667815770347,0.0405422165971741,0.8276811052451223
8022,0.1144042519007187,0.048142917306279745,0.8374528307930017
8023,0.6798284272790324,0.09076315209188353,0.22940842062908426
8024,0.8518946735618202,0.01104669817365349,0.13705862826452592
8025,0.20358669447484376,0.03338640784475781,0.7630268976803981
8026,0.9586068133602116,0.00838266902424486,0.03301051761554433
8027,0.9331975777441467,0.010060047231693266,0.05674237502415977
8028,0.08719485728398288,0.03443975606040209,0.8783653866556151
8029,0.11585848101841827,0.0864368405178593,0.7977046784637222
8030,0.8894134677572655,0.004174259942140961,0.10641227230059348
8031,0.9020938293074526,0.02031473359526586,0.07759143709728127
8032,0.909610547098841,0.009543218779095699,0.08084623412206363
8033,0.1660850705220261,0.10608779568130623,0.7278271337966677
8034,0.4778753056592805,0.046103656115481007,0.47602103822523834
8035,0.9505653897116492,0.007007348465590337,0.04242726182276093
8036,0.8961297928145369,0.06989344310784494,0.03397676407761901
8037,0.32179737021340465,0.07281253187744133,0.605390097909154
8038,0.6973663056052117,0.04000884752239033,0.2626248468723978
8039,0.049634654974978945,0.05321846229728573,0.8971468827277351
8040,0.4622466279106596,0.10303582680018315,0.4347175452891574
8041,0.25865677070556053,0.04972798975580352,0.6916152395386359
8042,0.08396490148312279,0.0417938058271331,0.8742412926897437
8043,0.9078285573206579,0.006303487761399407,0.08586795491794244
8044,0.032406177901790664,0.014623481651477312,0.9529703404467317
8045,0.2062564885294805,0.061410204142007624,0.7323333073285115
8046,0.7654778087848962,0.005813105305244762,0.22870908590985872
8047,0.8962074683042096,0.012004651047378533,0.09178788064841173
8048,0.9065809822671963,0.023105867689963193,0.07031315004284
8049,0.6288084234942412,0.09693722553967182,0.27425435096608636
8050,0.5332593497314829,0.01008461549500491,0.4566560347735117
8051,0.13036588384438022,0.05119889788579288,0.8184352182698267
8052,0.9633663781210405,0.008377731255396113,0.02825589062356349
8053,0.10701432154320592,0.0561052008019393,0.8368804776548553
8054,0.849116765771777,0.00935598760591651,0.14152724662230662
8055,0.4695890406624877,0.048670445427771145,0.48174051390974093
8056,0.8598947132386185,0.03417850342792914,0.10592678333345196
8057,0.9015458163022694,0.00788155393031384,0.09057262976741737
8058,0.7171307529294344,0.06248241118682004,0.22038683588374564
8059,0.8545670165454199,0.024110622574758885,0.12132236087982079
8060,0.16443546418399244,0.11419475116148176,0.7213697846545258
8061,0.268734144164499,0.10203485635063737,0.6292309994848637
8062,0.290826216407295,0.02064800279930755,0.6885257807933975
8063,0.9511117971407916,0.01125914396977774,0.037629058889431445
8064,0.021100319152789045,0.029854076857994596,0.9490456039892168
8065,0.9130469505955547,0.023414873092307678,0.06353817631213804
8066,0.944106569443068,0.01530367103659385,0.04058975952033844
8067,0.2140525830102627,0.05772984618555028,0.7282175708041869
8068,0.7871231304416849,0.04465819910532127,0.16821867045299388
8069,0.8151751641038449,0.03349708757617514,0.15132774831998003
8070,0.9571956128044705,0.0060921974262824205,0.03671218976924725
8071,0.9412872779083951,0.00767547944086234,0.05103724265074311
8072,0.9421172342120663,0.013725674184205658,0.04415709160372827
8073,0.9495761841397846,0.007923877973897986,0.042499937886316966
8074,0.8353815161509851,0.018356899635424143,0.1462615842135905
8075,0.8870112456731194,0.028679880742002516,0.08430887358487822
8076,0.9245304734191229,0.0119149113253665,0.06355461525551119
8077,0.07895630678433505,0.045377332417147566,0.875666360798517
8078,0.2832224453161994,0.07529595779385989,0.6414815968899407
8079,0.7619793652896527,0.030490973261624147,0.2075296614487232
8080,0.9448425797827756,0.008273602762003928,0.04688381745522053
8081,0.8961297324030052,0.008266515427889982,0.09560375216910512
8082,0.7035929254243828,0.06280799698286367,0.23359907759275345
8083,0.22752306628403518,0.048400304301115846,0.7240766294148491
8084,0.030690499364162824,0.00910483340941261,0.9602046672264241
8085,0.9426964547771254,0.014361240817552155,0.04294230440532249
8086,0.02282857603580359,0.0009609471796424501,0.976210476784554
8087,0.8569596420034001,0.03428103588360127,0.10875932211299841
8088,0.44733201785460625,0.01973104424194521,0.5329369379034485
8089,0.35519447829468626,0.025656661333495853,0.6191488603718177
8090,0.015460551040794484,0.00567503033553159,0.978864418623674
8091,0.9606496192497891,0.007232606068906122,0.032117774681304674
8092,0.011277123506973488,0.017899698180959562,0.970823178312067
8093,0.877705498486394,0.04401365642907215,0.07828084508453366
8094,0.13328731204160407,0.16259652642746525,0.7041161615309307
8095,0.43162260031137495,0.09285274351518281,0.4755246561734424
8096,0.5427774834396257,0.0348356381579137,0.42238687840246053
8097,0.29907749044710025,0.02467328910223883,0.6762492204506607
8098,0.8776235179869838,0.018677003757379004,0.1036994782556369
8099,0.8212380390298186,0.018381521722558792,0.16038043924762235
8100,0.0332905395228448,0.008132715991464548,0.9585767444856903
8101,0.5912062202093941,0.026044611902446266,0.38274916788815994
8102,0.6196739751040901,0.053797030360089135,0.3265289945358206
8103,0.5292602917785193,0.11319784931224752,0.3575418589092333
8104,0.5223780134759352,0.04645602223711901,0.4311659642869456
8105,0.01854266026516788,0.005534039736063451,0.9759232999987683
8106,0.9642239445614007,0.006766248816746219,0.029009806621853294
8107,0.03023459531238546,0.03469053836541211,0.9350748663222017
8108,0.9362618431378981,0.015489366679339917,0.048248790182762874
8109,0.8094372618925403,0.010896097080085232,0.17966664102737387
8110,0.9568567309385353,0.011104546648245787,0.0320387224132194
8111,0.5692029083989767,0.11263281448643632,0.3181642771145869
8112,0.7877865118148741,0.023933798320197614,0.1882796898649282
8113,0.017402814659105478,0.015963929238323137,0.9666332561025713
8114,0.10457441154968548,0.06214772359247149,0.8332778648578432
8115,0.9221638720329909,0.019045137899936237,0.05879099006707326
8116,0.7126504713127514,0.052822844956003485,0.23452668373124472
8117,0.1486426498345169,0.04475960319622583,0.806597746969257
8118,0.5660121600619764,0.09036234309123384,0.3436254968467899
8119,0.5596927025707954,0.07308838978434178,0.3672189076448629
8120,0.953693076382076,0.009918515744704289,0.03638840787322011
8121,0.4564655035056384,0.08380269051691079,0.4597318059774507
8122,0.8645447969902543,0.008042018152846388,0.12741318485689992
8123,0.9608282815273739,0.008949773753263198,0.03022194471936287
8124,0.3058924427380003,0.07239560330642324,0.6217119539555767
8125,0.7677707543561639,0.019688662232274102,0.21254058341156193
8126,0.8315096301956043,0.020978639188709385,0.14751173061568607
8127,0.32855316163723264,0.04260632855456626,0.6288405098082013
8128,0.5163259175062025,0.07576702807826452,0.4079070544155329
8129,0.9598617781142971,0.010607815834735839,0.029530406050966757
8130,0.4818678968165672,0.09992092073733798,0.418211182446095
8131,0.04707009042302626,0.0477549981839788,0.9051749113929949
8132,0.784914117840705,0.05995866797253574,0.15512721418675926
8133,0.8598479914285091,0.03003721120407784,0.11011479736741286
8134,0.6588881700074015,0.07377634791743588,0.26733548207516244
8135,0.03679155949116939,0.003770053550055879,0.9594383869587747
8136,0.05206999622193932,0.04420315599765504,0.903726847780405
8137,0.5757092188085005,0.017485058635047773,0.40680572255645203
8138,0.2535741643046008,0.04016987690725903,0.7062559587881402
8139,0.09336310215716523,0.020554296448751095,0.886082601394084
8140,0.8288250382452335,0.015451938670033609,0.15572302308473343
8141,0.9578358768467554,0.00638928828681164,0.03577483486643313
8142,0.9288716213893935,0.03701739013761189,0.03411098847299548
8143,0.9147315107944131,0.051538574524578294,0.033729914681009714
8144,0.28370880841410684,0.058210163395777836,0.6580810281901155
8145,0.9148515031251079,0.018544182534098754,0.06660431434079395
8146,0.8560950089924013,0.010082700913582135,0.13382229009401725
8147,0.4172643423270172,0.07671769044411317,0.5060179672288702
8148,0.89081694787545,0.006259904439875252,0.10292314768467448
8149,0.8350644275888474,0.03975034146903975,0.12518523094211242
8150,0.9452899884506941,0.011477116671056617,0.043232894878250765
8151,0.22377464653645637,0.042821306380446275,0.7334040470830974
8152,0.9489731509339007,0.010466319270507639,0.04056052979559102
8153,0.8323824098776187,0.013856692907845782,0.15376089721453542
8154,0.8787065694869822,0.03149618758527028,0.0897972429277469
8155,0.2128918874506443,0.06747864404222939,0.7196294685071262
8156,0.9614521100299819,0.008090917166687934,0.030456972803330568
8157,0.8007367804411922,0.028004973115270358,0.17125824644353707
8158,0.9586436558426654,0.010201123176025062,0.03115522098130973
8159,0.4044164553517897,0.06781031699869906,0.5277732276495111
8160,0.6726528421410314,0.029404543948703708,0.29794261391026494
8161,0.9270509705587809,0.01364532160307537,0.059303707838144225
8162,0.22748409325297678,0.23772063316884262,0.5347952735781807
8163,0.2425667657689607,0.03312696672500198,0.7243062675060373
8164,0.9072263648410124,0.022271434816642652,0.07050220034234508
8165,0.03640554730499157,0.009778692440201903,0.9538157602548061
8166,0.6780291118441982,0.03555990439838139,0.28641098375742097
8167,0.43474540922992344,0.09522365540954834,0.4700309353605283
8168,0.7992885730010936,0.026425606564203286,0.1742858204347032
8169,0.8343045868817685,0.017165934491890196,0.14852947862634067
8170,0.6074639923118306,0.05752358372302421,0.33501242396514563
8171,0.10540241543589969,0.05186088401307745,0.842736700551023
8172,0.04306615004637726,0.021357735949577777,0.9355761140040454
8173,0.7915856084064283,0.015167728909567083,0.19324666268400445
8174,0.9559163102319232,0.008001069732229166,0.0360826200358477
8175,0.9412180033980777,0.014150825338023075,0.0446311712638995
8176,0.7168314936032955,0.02980481550548901,0.2533636908912154
8177,0.22796367945172524,0.08238327953431746,0.6896530410139571
8178,0.6417914934469233,0.05857617769734221,0.29963232885573465
8179,0.6396669003985138,0.025594925591223606,0.3347381740102627
8180,0.4516478374923909,0.10885759419466652,0.4394945683129424
8181,0.20165478423500557,0.06709206273332467,0.7312531530316698
8182,0.9630251145608798,0.007959841424756281,0.029015044014364163
8183,0.39521911522316655,0.11623752146515251,0.48854336331168097
8184,0.841662998100618,0.028992001478175114,0.12934500042120683
8185,0.9625449999425328,0.008859635838498386,0.028595364218968602
8186,0.7397714671293946,0.043596607661163904,0.2166319252094417
8187,0.26289094869754176,0.1627710301276257,0.5743380211748329
8188,0.892911638356153,0.00869559421623573,0.09839276742761152
8189,0.21418382949915266,0.08959073772911018,0.6962254327717373
8190,0.21121484303010854,0.2733943943743908,0.5153907625955005
8191,0.9490718338852749,0.01092551256986464,0.04000265354486058
8192,0.8706662645961762,0.02188712008294617,0.10744661532087778
8193,0.94515392425574,0.007322405449496593,0.047523670294763065
8194,0.89618209658919,0.016858165584115556,0.08695973782669471
8195,0.9221646080566336,0.006843862663072156,0.07099152928029417
8196,0.9358778882571719,0.012537080749232432,0.051585030993596064
8197,0.8203996884255583,0.01667848663572196,0.16292182493871926
8198,0.51291923543115,0.04817415221669138,0.43890661235215883
8199,0.9465558041636406,0.010646476324916403,0.042797719511443205
8200,0.955656661708644,0.011011328411823985,0.03333200987953191
8201,0.18337172327396742,0.026975592644542714,0.78965268408149
8202,0.3019532739662875,0.06744152157344507,0.6306052044602676
8203,0.9457205238114771,0.011826177806366737,0.04245329838215694
8204,0.3060447560898929,0.07020890503255003,0.6237463388775568
8205,0.9343660456244623,0.005438545061513536,0.060195409314024007
8206,0.2616700216648091,0.042215471786822556,0.6961145065483684
8207,0.9586068133602116,0.00838266902424486,0.03301051761554433
8208,0.08944855264826067,0.05497194153487122,0.855579505816868
8209,0.42646869246478164,0.05418668805017281,0.5193446194850455
8210,0.8629564754982945,0.012529345605728048,0.12451417889597709
8211,0.44680975747702717,0.06793239784328188,0.4852578446796911
8212,0.9584672025162636,0.007135046948000393,0.03439775053573648
8213,0.9583386448307942,0.008421078286166195,0.0332402768830394
8214,0.037233733747389586,0.03449123498274837,0.9282750312698617
8215,0.9490366968524321,0.012661381541770456,0.038301921605797984
8216,0.9205706788648791,0.015646811764139654,0.06378250937098036
8217,0.694771242219403,0.03275117253481539,0.2724775852457817
8218,0.0578062425662216,0.03242237129022843,0.9097713861435492
8219,0.8705741267776886,0.031794324375111614,0.097631548847199
8220,0.9466736948798554,0.010058080768526963,0.043268224351617805
8221,0.4095859226670967,0.04042791251496321,0.54998616481794
8222,0.4641287505585598,0.05164218334615588,0.4842290660952841
8223,0.7287423247748988,0.05375766151625074,0.21750001370885022
8224,0.5996192414159089,0.08768787179541027,0.31269288678868096
8225,0.20456116832873256,0.05953363249381905,0.7359051991774486
8226,0.022127498068825895,0.0030959756419857423,0.9747765262891884
8227,0.8856565962427042,0.01263016128384551,0.10171324247345047
8228,0.8631275321689634,0.008223446585917027,0.12864902124511982
8229,0.3187989093258875,0.07919664897672735,0.6020044416973854
8230,0.5765379866513222,0.07190730888006146,0.3515547044686162
8231,0.8046076018417306,0.07936662111415989,0.11602577704410912
8232,0.5632501424192062,0.045946448311923696,0.3908034092688696
8233,0.10875660111177517,0.04707603182026991,0.844167367067955
8234,0.961618581470605,0.007579813228039903,0.030801605301355804
8235,0.2493780596604525,0.1091531748377228,0.641468765501825
8236,0.2782442001788955,0.0539966502484597,0.6677591495726444
8237,0.8675929572285086,0.032896524338721055,0.09951051843277062
8238,0.4957633638627351,0.018849837454894505,0.4853867986823705
8239,0.07124844327396795,0.05227139921534152,0.8764801575106909
8240,0.8318445611490077,0.046813105915833014,0.1213423329351591
8241,0.10109143603884065,0.041772051189669764,0.8571365127714896
8242,0.8186079146750767,0.018428504893939185,0.1629635804309842
8243,0.5968350255342113,0.08308613490489226,0.3200788395608964
8244,0.9574054543116379,0.006357996047284664,0.03623654964107763
8245,0.8726272417480525,0.031106122945520943,0.0962666353064263
8246,0.6228014061271191,0.04550993925932104,0.33168865461356034
8247,0.9413042855684787,0.010619214278702821,0.048076500152818565
8248,0.9651743634742119,0.007462081529901413,0.02736355499588708
8249,0.8487876874939044,0.016390797859156373,0.13482151464693884
8250,0.9418923584303921,0.01803832750996712,0.04006931405964159
8251,0.7532029402476097,0.013536584556258061,0.23326047519613194
8252,0.6702235367918046,0.03429397665034518,0.29548248655785025
8253,0.9017843416663583,0.012768413817245194,0.08544724451639661
8254,0.7144929016130223,0.023572896081144084,0.26193420230583336
8255,0.44211082721754374,0.1701099894819571,0.3877791833004991
8256,0.6069253492801958,0.09733426329920135,0.29574038742060316
8257,0.9246477382021627,0.02052103950644535,0.05483122229139216
8258,0.15064694050389377,0.025197067121515364,0.8241559923745908
8259,0.06808731546682745,0.046696412824252576,0.8852162717089197
8260,0.9253403621076797,0.0224066702953788,0.052252967596941896
8261,0.8349247911115628,0.031310050086980214,0.13376515880145676
8262,0.7868965242197958,0.029103401965476894,0.1840000738147275
8263,0.8959640698595547,0.030594187194170033,0.07344174294627513
8264,0.8471043413316922,0.006114544921313794,0.14678111374699404
8265,0.7982378467336737,0.032812673947523775,0.16894947931880205
8266,0.001411401573359838,0.0007913435307104489,0.9977972548959296
8267,0.9158719220352668,0.01743659476374852,0.0666914832009844
8268,0.8606629156396736,0.04702567489715735,0.09231140946316849
8269,0.9412160794112904,0.010092610071049998,0.04869131051766002
8270,0.7088982619721776,0.03367007315061356,0.2574316648772092
8271,0.9327917406834638,0.020000094943110256,0.0472081643734261
8272,0.9610080503174917,0.006258200264024155,0.03273374941848465
8273,0.8355539906674092,0.01797341495797268,0.14647259437461768
8274,0.8143037568511033,0.02798565084504969,0.15771059230384696
8275,0.23786776093929315,0.06938783155431567,0.6927444075063911
8276,0.3885885732070316,0.05143445181510998,0.5599769749778584
8277,0.8637640552968238,0.018079299563471252,0.11815664513970406
8278,0.8201411134034841,0.03999547747976388,0.1398634091167517
8279,0.8289607735848894,0.010894411022348473,0.1601448153927623
8280,0.024541397918468447,0.050434897343083894,0.9250237047384473
8281,0.7160794597729319,0.07001999192787296,0.21390054829919522
8282,0.9607159101915755,0.011449786527628375,0.02783430328079686
8283,0.8399814308318123,0.02547975993500529,0.13453880923318304
8284,0.9126476241286927,0.01389153625289534,0.0734608396184109
8285,0.15947795454258157,0.03292494685237622,0.8075970986050419
8286,0.963365655433796,0.007787489508140516,0.028846855058063874
8287,0.7565509792366562,0.020552382595668165,0.22289663816767571
8288,0.9605379396881834,0.007094200076527468,0.032367860235289626
8289,0.5098558149232414,0.025707042915049647,0.4644371421617087
8290,0.36099932403551965,0.03629098593395774,0.6027096900305224
8291,0.5458034148303006,0.035740973606830366,0.4184556115628693
8292,0.8329337729475764,0.023118792507005378,0.14394743454541878
8293,0.8740399035594895,0.005011770787139539,0.12094832565337152
8294,0.9525704658547228,0.009041459783456362,0.038388074361820915
8295,0.961460854834094,0.008960270263676694,0.029578874902229668
8296,0.686598264342893,0.06540519153129977,0.24799654412580693
8297,0.9010816685061226,0.01653020396513187,0.08238812752874475
8298,0.9621295663517875,0.010769868331044633,0.02710056531716831
8299,0.8594305878751819,0.023341120893085505,0.11722829123173244
8300,0.9153408997614214,0.016133019928293194,0.06852608031028576
8301,0.6091194026613873,0.030311386549436246,0.36056921078917614
8302,0.16552150739507315,0.06593046547480488,0.768548027130122
8303,0.9049403189272014,0.02022252994265364,0.07483715113014411
8304,0.04627354837380092,0.029006134254029526,0.9247203173721692
8305,0.8632536408731596,0.009727089714468801,0.12701926941237168
8306,0.8715898476166082,0.015203324335603539,0.11320682804778744
8307,0.040841358029268436,0.007232872478980345,0.9519257694917511
8308,0.7961242537417814,0.004107426694674931,0.1997683195635435
8309,0.1758779709689202,0.051598916571738075,0.7725231124593416
8310,0.9024849969780486,0.01698058242257797,0.08053442059937228
8311,0.9057516573457353,0.005191220494112576,0.08905712216015234
8312,0.9116160011421963,0.023816073364846813,0.06456792549295633
8313,0.9037432454273671,0.022003630875399444,0.07425312369723383
8314,0.9631248349498814,0.006891042231677941,0.029984122818441192
8315,0.8314950130232295,0.04342650057956507,0.1250784863972052
8316,0.8836621460442289,0.0233144115864444,0.09302344236932597
8317,0.6564915180309285,0.08574298632696976,0.25776549564210105
8318,0.617379117121363,0.07886125686426428,0.30375962601437245
8319,0.018090812369297028,0.022931856919400858,0.9589773307113021
8320,0.9413342765201211,0.013480272572975183,0.045185450906903665
8321,0.6779686341271375,0.050604566937388455,0.27142679893547395
8322,0.4619318627390303,0.05787872343480099,0.48018941382616903
8323,0.0063185015084173905,0.008193332249734352,0.9854881662418482
8324,0.13038775167884376,0.02585469473423413,0.8437575535869222
8325,0.9636920823522281,0.008313569779053391,0.027994347868719047
8326,0.9574435843228762,0.008536339929751122,0.034020075747372786
8327,0.9556218733422239,0.011041220638616102,0.03333690601916054
8328,0.026650973993442937,0.004009897491241405,0.9693391285153157
8329,0.948861392131856,0.013067642475735329,0.038070965392408146
8330,0.32741375143106227,0.04131979237477797,0.6312664561941602
8331,0.8976313651259685,0.0198141793384824,0.08255445553554928
8332,0.4145440079573278,0.16773293968849837,0.417723052354174
8333,0.8476076590031423,0.007694726922150714,0.14469761407470738
8334,0.8254534397894311,0.01380774781955993,0.16073881239100862
8335,0.9385831298462064,0.015413034419744011,0.04600383573404988
8336,0.3978957125296119,0.054746946358842634,0.5473573411115459
8337,0.5189469720129497,0.029855141968948225,0.4511978860181027
8338,0.9424982959030469,0.008047190602042467,0.04945451349491074
8339,0.37751920947344286,0.06299370745946105,0.559487083067096
8340,0.9313548952138037,0.011250039738604067,0.057395065047591926
8341,0.9359194685742492,0.013937572940937193,0.050142958484813975
8342,0.956344930015613,0.00948609059192643,0.0341689793924601
8343,0.762444171135611,0.04427642798669511,0.19327940087769457
8344,0.055414477986780744,0.03794926760343291,0.9066362544097857
8345,0.9611691894688136,0.00802324994265346,0.030807560588532523
8346,0.7022494517959331,0.03172773611888413,0.2660228120851826
8347,0.43522853164484054,0.09894904928071577,0.4658224190744436
8348,0.26463858756479147,0.07006272280792127,0.6652986896272872
8349,0.944954489840743,0.007868927423047555,0.04717658273620966
8350,0.7997594747707509,0.016029219513927773,0.18421130571532127
8351,0.7581575418524104,0.018676318586760665,0.22316613956082895
8352,0.8753696157934561,0.009978281407106904,0.11465210279943706
8353,0.08694109307400372,0.002838802256748647,0.9102201046692475
8354,0.03414227610958782,0.036365046820388304,0.9294926770700234
8355,0.9635525517270289,0.0071434306185691136,0.02930401765440237
8356,0.7229720410690358,0.013683056691063226,0.2633449022399006
8357,0.1588124027600271,0.03134145155947983,0.8098461456804934
8358,0.06088051289136094,0.05739097187862966,0.881728515230009
8359,0.9591218459565164,0.008243336799018426,0.032634817244465035
8360,0.9122310664584281,0.009643046838106713,0.07812588670346532
8361,0.5565189410928617,0.029340905538440498,0.41414015336869797
8362,0.852487556858589,0.03558032929726331,0.11193211384414764
8363,0.4426123113011181,0.020283421402232715,0.5371042672966493
8364,0.9258931061525654,0.020129115188329733,0.053977778659104726
8365,0.6833760106592353,0.029253706467491078,0.28737028287327393
8366,0.6243811173706549,0.0191313443956828,0.35648753823366264
8367,0.8042372373211848,0.035226186036769996,0.16053657664204493
8368,0.8798417245602331,0.011644998404193101,0.10851327703557358
8369,0.4351615592078782,0.02801297564504229,0.5368254651470793
8370,0.8544632987806248,0.014494043792930445,0.13104265742644491
8371,0.7986959182612524,0.017054798579841005,0.1842492831589071
8372,0.008858824554242023,0.0016404222992830624,0.9895007531464747
8373,0.06513703867491455,0.050547370941841904,0.8843155903832431
8374,0.3662241254418311,0.04348084087245504,0.5902950336857139
8375,0.9542239513593349,0.010384170787830405,0.03539187785283502
8376,0.24959349580689907,0.07405314160900443,0.6763533625840962
8377,0.6145926109734191,0.10167317796067278,0.2837342110659079
8378,0.8450115140831999,0.050110489940776486,0.10487799597602418
8379,0.9382779286599181,0.008228687719867268,0.053493383620214406
8380,0.8157671563085258,0.01733021664358339,0.16690262704789072
8381,0.9446264607200083,0.008903740764371676,0.04646979851561988
8382,0.8417414668714138,0.02451524821727395,0.13374328491131193
8383,0.8807819503067291,0.006776100236894265,0.11244194945637682
8384,0.9616178783304392,0.0073222930858532305,0.0310598285837081
8385,0.08239434891214677,0.0837320005114933,0.83387365057636
8386,0.42759085771037986,0.07123156849459819,0.5011775737950223
8387,0.9628056902338117,0.006942394533794688,0.030251915232394257
8388,0.6447864988833517,0.016952142890177768,0.33826135822647035
8389,0.46639390986414186,0.0764083676080174,0.45719772252784047
8390,0.10732034245998205,0.057178562543057476,0.8355010949969605
8391,0.7217597616657301,0.01486643519839186,0.2633738031358778
8392,0.8475504326039857,0.042994566979895024,0.10945500041611918
8393,0.9452347040157592,0.012695306486262213,0.0420699894979788
8394,0.6680877149394379,0.05365487163338931,0.2782574134271729
8395,0.3588303694984917,0.03927350384782986,0.6018961266536788
8396,0.9247901831786589,0.011333312136615405,0.06387650468472668
8397,0.9535035099100854,0.005532164433511592,0.04096432565640282
8398,0.9530374761482358,0.008232548604159293,0.03872997524760471
8399,0.9038769031701431,0.015293067098509404,0.08083002973134755
8400,0.014883491663317245,0.010660975937721171,0.9744555323989614
8401,0.3737215118657852,0.1260127941186196,0.5002656940155955
8402,0.19425864112931698,0.0592488453911788,0.7464925134795041
8403,0.08051736699752352,0.115184830417477,0.8042978025849993
8404,0.7769082111000747,0.011900725323651273,0.21119106357627446
8405,0.06632771915164938,0.02792969383046886,0.9057425870178817
8406,0.8673443744926855,0.015743451911557838,0.11691217359575608
8407,0.9506262715962767,0.010096895267565116,0.0392768331361584
8408,0.6552457292125481,0.021335999022047962,0.32341827176540344
8409,0.08765481289611637,0.022613676856795478,0.8897315102470884
8410,0.47304841661394437,0.12432289854190776,0.40262868484414827
8411,0.8897943425658591,0.01650915282784523,0.09369650460629612
8412,0.10773415098874274,0.08139938492562511,0.8108664640856322
8413,0.023847556943456503,0.008532085220827974,0.9676203578357156
8414,0.9473237244351654,0.00915652357541306,0.04351975198942142
8415,0.9032362647678918,0.020189642634865595,0.07657409259724328
8416,0.9299589487524088,0.01361139212135701,0.05642965912623489
8417,0.6204387260414489,0.020363710240137223,0.359197563718414
8418,0.8304268724110758,0.008714149406218943,0.16085897818270534
8419,0.09746532018552208,0.05119583861790205,0.8513388411965762
8420,0.7329452229248102,0.025945827848163235,0.24110894922702616
8421,0.18841395963489974,0.07358986846414366,0.7379961719009566
8422,0.9405038255361997,0.006493763403614619,0.05300241106018624
8423,0.8481579141548695,0.01803796961127234,0.13380411623385743
8424,0.5920811933808852,0.08671892007119164,0.3211998865479233
8425,0.7476846440792502,0.034436953330155874,0.21787840259059407
8426,0.03470199916815378,0.06514660615989304,0.9001513946719532
8427,0.5048528130393142,0.09485889335216635,0.40028829360851936
8428,0.9647887359662902,0.006123482226539286,0.029087781807170796
8429,0.9626653930629766,0.007453364725889868,0.029881242211133762
8430,0.8650924770318426,0.03437663802313944,0.1005308849450175
8431,0.21235002854832102,0.05627901828037822,0.7313709531713011
8432,0.4936062754472606,0.09867013772112093,0.4077235868316185
8433,0.7405236269248733,0.0429418581323662,0.21653451494276008
8434,0.05082966743178486,0.06809518752221015,0.8810751450460049
8435,0.9308820560079462,0.013547532025080467,0.055570411966973446
8436,0.6837636279089481,0.029757872083006287,0.286478500008046
8437,0.06572694692522545,0.021630880537034918,0.91264217253774
8438,0.9507572423661043,0.012889799837719807,0.03635295779617639
8439,0.5670056284283764,0.06590506112765655,0.3670893104439667
8440,0.8325148692130901,0.03849560460607075,0.1289895261808383
8441,0.5488947366771907,0.00591807792456361,0.4451871853982459
8442,0.9413935908381219,0.01548593697479046,0.04312047218708781
8443,0.9500269343882353,0.009284957419198466,0.04068810819256619
8444,0.9227704037653067,0.021940524933047195,0.05528907130164619
8445,0.9673056349035123,0.0072711961658893775,0.02542316893059844
8446,0.771930095755226,0.017219941973476396,0.2108499622712975
8447,0.0864546641996755,0.08305465366350269,0.8304906821368218
8448,0.8661348758232316,0.009476752353534247,0.12438837182323352
8449,0.4187806070343988,0.10163447174346651,0.4795849212221347
8450,0.6546455387079334,0.04301393015135892,0.3023405311407078
8451,0.8898469745577083,0.01661233665945933,0.0935406887828319
8452,0.9644558022968207,0.006939243931387472,0.028604953771792074
8453,0.810278608422731,0.024827857461684245,0.164893534115584
8454,0.635224793533586,0.023364968839459856,0.34141023762695427
8455,0.3868398147291174,0.06733329515127304,0.5458268901196099
8456,0.5836221153441937,0.01945670420070999,0.3969211804550963
8457,0.849644059525862,0.024787691613443998,0.1255682488606936
8458,0.5034162972569899,0.10631575013699841,0.39026795260601166
8459,0.9374971876957191,0.015084597361468898,0.0474182149428112
8460,0.9446872759782895,0.014571718093372201,0.040741005928338875
8461,0.11728107262205202,0.05450583975068085,0.8282130876272672
8462,0.9505192445071121,0.00904216319537221,0.04043859229751561
8463,0.4791894129588235,0.034684195505033384,0.4861263915361431
8464,0.9162482988778449,0.017044617557472285,0.06670708356468329
8465,0.3979724952618066,0.02654246273108981,0.5754850420071033
8466,0.7751825518347775,0.02888300241040847,0.1959344457548137
8467,0.9611615531080118,0.006472735199814164,0.032365711692174566
8468,0.3530176977520565,0.06681290977004395,0.5801693924778993
8469,0.17438960325906744,0.050489085001992354,0.7751213117389399
8470,0.6640852161759566,0.02389504839346009,0.31201973543058303
8471,0.9504587834390751,0.010468415992062515,0.03907280056886305
8472,0.8479302298052267,0.0300859980291734,0.12198377216560059
8473,0.9455178000756436,0.019895626974306253,0.03458657295005058
8474,0.8543152117330864,0.0346645122669708,0.11102027599994253
8475,0.197900165419121,0.05190946719194832,0.7501903673889307
8476,0.9523934459768097,0.009303386205111978,0.03830316781807885
8477,0.688674703780872,0.05966425852821425,0.25166103769091336
8478,0.8444356589334892,0.0355165712182455,0.12004776984826523
8479,0.9270719630113224,0.012746556162040838,0.060181480826636796
8480,0.9293545770895744,0.015411171792811658,0.05523425111761405
8481,0.9665630994134996,0.007147999694856315,0.026288900891644557
8482,0.35021509266418266,0.03930327178411613,0.6104816355517012
8483,0.0993111937291913,0.05683909587963523,0.8438497103911734
8484,0.8896094061230142,0.018711503671637764,0.09167909020534722
8485,0.9624185043760036,0.007567382369220899,0.030014113254775304
8486,0.11775231310775032,0.021671607747395242,0.8605760791448543
8487,0.6244382621607744,0.043355254079122614,0.3322064837601033
8488,0.9408425271258134,0.011854243282035685,0.04730322959215028
8489,0.5611629656601274,0.08709248343458874,0.351744550905284
8490,0.1683754871884452,0.045030662043091925,0.7865938507684628
8491,0.22431373185806303,0.04916289904915784,0.7265233690927789
8492,0.8325650440607876,0.04425530433345554,0.12317965160575724
8493,0.805834765768008,0.017671663135504008,0.1764935710964882
8494,0.7600466457213064,0.030880111778760877,0.20907324249993314
8495,0.7539452673084646,0.04872839868009052,0.19732633401144475
8496,0.8609675092113751,0.029080571759765625,0.10995191902885985
8497,0.9148672675243783,0.010571311755441588,0.07456142072018022
8498,0.1523951450964919,0.03362359510621599,0.8139812597972923
8499,0.9141534073675053,0.014390778468391832,0.07145581416410315
8500,0.7822629459220153,0.03133381968643721,0.18640323439154785
8501,0.7119774901516933,0.02896155059545272,0.2590609592528538
8502,0.14948170584906748,0.03363447008088612,0.8168838240700463
8503,0.83535707454349,0.02654216342961931,0.13810076202688995
8504,0.08508061436451435,0.02284231132357666,0.892077074311909
8505,0.9595107986310814,0.007247491554711542,0.03324170981420728
8506,0.9661203759576258,0.00651404103462523,0.027365583007749585
8507,0.8529951074693248,0.016900721954597995,0.13010417057607632
8508,0.8655361235226174,0.021406869240420803,0.11305700723696217
8509,0.9391918521247824,0.01089986791099084,0.04990827996422686
8510,0.6569452095777801,0.08326313572285877,0.25979165469936094
8511,0.8836352453349487,0.017148059885905998,0.09921669477914478
8512,0.05050791827503444,0.012478143085696777,0.9370139386392683
8513,0.4716868044378121,0.07516177411809793,0.45315142144409
8514,0.1574108783540128,0.04770332066771942,0.794885800978268
8515,0.8190171002675339,0.018662289178190284,0.16232061055427538
8516,0.14374419706911937,0.040669749143694256,0.8155860537871867
