id,Status_C,Status_CL,Status_D
7905,0.45079981258534835,0.00915029032851772,0.5400498970861339
7906,0.733195792661815,0.10205372068051419,0.16475048665767084
7907,0.004176555135552887,0.0005139207336660344,0.995309524130781
7908,0.9476173751616774,0.0017442821167231851,0.05063834272159923
7909,0.91049565539113,0.019697543160443157,0.06980680144842666
7910,0.9942969164918244,0.0006879303838509094,0.005015153124324517
7911,0.9835137871545557,0.001286569178674903,0.015199643666769585
7912,0.12379990405361092,0.008864810132729245,0.8673352858136599
7913,0.003669273302119946,0.00012566300430351062,0.9962050636935765
7914,0.5527936095658065,0.013817183862481689,0.43338920657171187
7915,0.7485547599690284,0.01463053522237308,0.23681470480859843
7916,0.5528233476187366,0.0030214261730815814,0.44415522620818193
7917,0.4813384195252333,0.19187157741281646,0.3267900030619503
7918,0.9289852690268444,0.001784805368268125,0.06922992560488737
7919,0.39081715837324044,0.2516596979176044,0.3575231437091551
7920,0.9724833457794352,0.0011557031354981157,0.026360951085066895
7921,0.8984335455727257,0.01635982275833012,0.08520663166894432
7922,0.012065413811647576,0.003545215097812912,0.9843893710905396
7923,0.8816295587924412,0.00047930384786628964,0.11789113735969256
7924,0.7653483937912754,0.12913253367724592,0.1055190725314786
7925,0.006177499289666611,0.0007447261557109639,0.9930777745546224
7926,0.9040628027534003,0.002099666081038145,0.09383753116556154
7927,0.732728145544071,0.023813786014125475,0.24345806844180357
7928,0.05994953970117387,0.0021722657512624113,0.9378781945475638
7929,0.9494762756265563,0.0019660466884614527,0.04855767768498224
7930,0.3124043395662341,0.3438440831872527,0.3437515772465133
7931,0.9675001161663679,0.0013841231100152475,0.031115760723616933
7932,0.2501076280694417,0.0240817363377157,0.7258106355928426
7933,0.8108855127149837,0.032696322567014754,0.15641816471800163
7934,0.9798612584268319,0.0008482422128468497,0.019290499360321352
7935,0.9757219336114055,0.0016110358898161158,0.022667030498778426
7936,0.9594671995182064,0.009723091222945226,0.03080970925884825
7937,0.643118706424841,0.014349519482865832,0.34253177409229324
7938,0.9792019895814721,0.0011766712110639823,0.019621339207463877
7939,0.4491607674402284,0.016910789079767122,0.5339284434800043
7940,0.7309891683743892,0.12929141974113753,0.1397194118844733
7941,0.1258333523505163,0.01318845296196686,0.8609781946875169
7942,0.9254088129564977,0.0024246843130781522,0.07216650273042416
7943,0.010084842292982394,0.004467681885643834,0.9854474758213738
7944,0.9811890338978535,0.0005492876927480098,0.018261678409398643
7945,0.9900920266118554,0.0011645110476284886,0.008743462340516048
7946,0.9549087447613529,0.0011066091810905576,0.043984646057556455
7947,0.5376019635448344,0.001401906059125968,0.4609961303960396
7948,0.10269066914522683,0.006600664629864231,0.8907086662249091
7949,0.06707124100387094,0.047252478495273205,0.8856762805008558
7950,0.966861203693218,0.0023120832748873654,0.030826713031894507
7951,0.43748791427384137,0.31631262821656153,0.24619945750959715
7952,0.45217761236871473,0.19544071028810614,0.35238167734317916
7953,0.013547464677530789,0.00047303652604266725,0.9859794987964265
7954,0.9606511414270004,0.0013750791564810926,0.03797377941651866
7955,0.19232585933417273,0.006717576886508217,0.8009565637793191
7956,0.006727987681292207,0.01922235469765069,0.9740496576210572
7957,0.8378608675945893,0.043532994636853395,0.11860613776855738
7958,0.01947512944710031,0.0030861777446758456,0.9774386928082238
7959,0.37095100731624825,0.033526417110491605,0.5955225755732602
7960,0.23346590576542853,0.006379627630437229,0.7601544666041342
7961,0.8603072620876808,0.024676051671783716,0.1150166862405354
7962,0.20978744133684252,0.0021912999948198127,0.7880212586683377
7963,0.14491264997816844,0.06809689016028748,0.786990459861544
7964,0.01791223255553813,0.0020460032408088783,0.980041764203653
7965,0.9758192954386959,0.0018543087640710738,0.022326395797232966
7966,0.6703181421218973,0.00706866502894437,0.3226131928491583
7967,0.9810995484636682,0.0032915075655240954,0.015608943970807755
7968,0.9638286081000896,0.00037166066656126094,0.03579973123334926
7969,0.2806980019328477,0.03346982192699467,0.6858321761401576
7970,0.9512889030263082,0.00134127360093147,0.047369823372760425
7971,0.9906924697773049,0.000324630679054572,0.008982899543640762
7972,0.6823305015776396,0.09179841746253958,0.22587108095982078
7973,0.9372070379020612,0.002426260350283678,0.06036670174765516
7974,0.1174376335294069,0.20925335213954732,0.6733090143310457
7975,0.9376292300287696,0.01687150339905092,0.04549926657217943
7976,0.8637637159274743,0.002244786587540729,0.13399149748498507
7977,0.9861014072265726,0.0020924775997863882,0.011806115173640943
7978,0.013130260862103829,0.0044354131613247,0.9824343259765714
7979,0.5355350828312497,0.0529519195736077,0.41151299759514254
7980,0.9760934742156694,0.0009386811749977846,0.022967844609332762
7981,0.8739106444234019,0.007029496900760241,0.11905985867583774
7982,0.9353279615355441,0.0016458740229773456,0.06302616444147853
7983,0.8235905088653879,0.03148270947322708,0.14492678166138492
7984,0.05961401950941097,0.01938125887276557,0.9210047216178234
7985,0.4316288985593216,0.0023251798348935724,0.5660459216057848
7986,0.07587114197872269,0.11631219980655425,0.807816658214723
7987,0.6766683215750328,0.02279621005734097,0.3005354683676261
7988,0.8752289992065921,0.01465206125216268,0.11011893954124505
7989,0.9436125464193373,0.014070986185207482,0.04231646739545525
7990,0.34886763883485744,0.00787650496459428,0.6432558562005484
7991,0.030665844975405795,0.0055403078274987244,0.9637938471970954
7992,0.9595521769251691,0.004662425674236099,0.0357853974005946
7993,0.7302315747198052,0.0033119046027473764,0.2664565206774474
7994,0.9358740167934467,0.002590005440882528,0.061535977765670845
7995,0.7168052476811394,0.019403254045634206,0.26379149827322634
7996,0.030646115591346952,0.01337502727206075,0.9559788571365924
7997,0.9882327593241118,0.0012710106643657926,0.010496230011522358
7998,0.00395417712526915,0.0002984519353762165,0.9957473709393546
7999,0.002675985238557355,0.00020203566581593132,0.9971219790956267
8000,0.7740821533791311,0.10853476455752353,0.11738308206334555
8001,0.970853810928528,0.0020835060273117724,0.027062683044160277
8002,0.11119245394101882,0.17396589364105958,0.7148416524179216
8003,0.9076556584480606,0.02301418699482543,0.06933015455711412
8004,0.3351810649597493,0.012114158872791646,0.6527047761674589
8005,0.7099103596826623,0.0010577716990763102,0.28903186861826136
8006,0.950821418682477,0.019419534984388444,0.02975904633313439
8007,0.7444559763070073,0.011021971978057533,0.2445220517149352
8008,0.9924407648594774,0.0006732391419572846,0.0068859959985654
8009,0.8946869215179586,0.001703849696164211,0.10360922878587718
8010,0.8909257248605023,0.03440924596500427,0.07466502917449346
8011,0.799775009869692,0.0017405071440147583,0.19848448298629337
8012,0.8667736425501689,0.004864056939768451,0.12836230051006287
8013,0.13068619864557846,0.027065005007254433,0.842248796347167
8014,0.9781756396504547,0.0036653752110154306,0.0181589851385298
8015,0.6624078744052248,0.005719222775679849,0.33187290281909554
8016,0.987535632633305,0.0005163260000913303,0.011948041366603792
8017,0.32948385960165255,0.001447219236759177,0.6690689211615882
8018,0.6968128621989381,0.007332468975641339,0.29585466882542055
8019,0.9821303504791783,0.007002356674607891,0.010867292846213808
8020,0.7415661662037275,0.004647384521850913,0.2537864492744216
8021,0.14434739001752145,0.0007922163709738967,0.8548603936115046
8022,0.0873629032507006,0.04093444438127127,0.8717026523680282
8023,0.7018285864330378,0.14939253259245763,0.14877888097450453
8024,0.9731963628370014,0.0012823022146736572,0.025521334948324967
8025,0.09374414777756906,0.017209700323851808,0.8890461518985793
8026,0.987895113151343,0.00038888572329364335,0.011716001125363185
8027,0.9861756989577856,0.0008522938079615108,0.012972007234252871
8028,0.015090647300770015,0.005142265740783252,0.9797670869584467
8029,0.06940851824187796,0.008019724797320838,0.9225717569608011
8030,0.9927776843774722,0.0007064685771457406,0.006515847045382058
8031,0.6504952984488988,0.243094032211539,0.10641066933956217
8032,0.9197578220026796,0.006015117033958202,0.07422706096336205
8033,0.07329103965015496,0.043566172170179676,0.8831427881796654
8034,0.5913587674348998,0.004940204627192407,0.4037010279379078
8035,0.9857561451413331,0.0038331769082687213,0.010410677950397986
8036,0.11285513962460762,0.8733326343443021,0.0138122260310903
8037,0.3285573571847305,0.0777908486695264,0.5936517941457432
8038,0.7938651325444174,0.018883474632439945,0.18725139282314252
8039,0.06954469121863502,0.02820821705370949,0.9022470917276555
8040,0.34559876845847154,0.05767338775010244,0.596727843791426
8041,0.23512207975110314,0.0019233617255515728,0.7629545585233451
8042,0.041350389056213015,0.0021316587584331807,0.9565179521853537
8043,0.9309218714673946,0.0004884810713249516,0.06858964746128035
8044,0.005971021149862343,0.00010122841173946658,0.9939277504383983
8045,0.1985010519434025,0.5749647245970116,0.2265342234595858
8046,0.9039136706013038,0.001484756332684377,0.09460157306601183
8047,0.9620887389673295,0.0015461672610926568,0.036365093771577824
8048,0.9362763005347315,0.00841745568276156,0.05530624378250678
8049,0.6327311029956093,0.19748654550119488,0.1697823515031958
8050,0.3483377956066712,0.010196889084620032,0.6414653153087088
8051,0.061283643894858957,0.003629103265484577,0.9350872528396565
8052,0.9917543962467927,0.0012123319887414315,0.007033271764465881
8053,0.01949809818663025,0.002526528208139401,0.9779753736052305
8054,0.8257235731860978,0.005162184733807417,0.1691142420800949
8055,0.542290544160721,0.056391182572472436,0.40131827326680664
8056,0.9758309066854269,0.0017279689338079395,0.02244112438076529
8057,0.8768264160587736,0.0017053074231520363,0.12146827651807428
8058,0.8758521648174459,0.049278660874056766,0.07486917430849727
8059,0.8861146062448589,0.002050727841363516,0.11183466591377768
8060,0.03460356165348562,0.0801481862896588,0.8852482520568556
8061,0.058172647509694704,0.018320382813772913,0.9235069696765323
8062,0.08792680048738906,0.0025580878273867916,0.9095151116852243
8063,0.9544351346789803,0.011016837770148847,0.03454802755087078
8064,0.015028568427776027,0.009806257766475687,0.9751651738057484
8065,0.5565710137420558,0.024999598015428365,0.4184293882425158
8066,0.9794552009842821,0.0012669431574707005,0.019277855858247376
8067,0.0366631822369471,0.021488973570327655,0.9418478441927252
8068,0.8587257658203451,0.026982089146838802,0.11429214503281608
8069,0.8058363602668158,0.023330570547613377,0.17083306918557076
8070,0.9776588077914095,0.0011947310001495064,0.02114646120844103
8071,0.7795834905703551,0.011107958130605902,0.20930855129903894
8072,0.973731325191395,0.0032050065080883533,0.023063668300516656
8073,0.9651654579561814,0.002044569956382606,0.03278997208743595
8074,0.9707168988984003,0.003507394524184588,0.02577570657741502
8075,0.9739922640496527,0.00805511352875234,0.017952622421595052
8076,0.952614018237086,0.004492556728021315,0.04289342503489262
8077,0.0671241912437161,0.04236073463870684,0.8905150741175771
8078,0.3986448938145294,0.014981034893500767,0.5863740712919698
8079,0.9038405540971461,0.0007144025263305966,0.09544504337652332
8080,0.9367273580805194,0.00938603355436379,0.05388660836511667
8081,0.9828055280520527,0.0007156591626795504,0.016478812785267805
8082,0.8802209781107284,0.01969932544670045,0.10007969644257105
8083,0.14724933882000116,0.0477065674715958,0.805044093708403
8084,0.014854238742674377,0.0008873827763336,0.9842583784809921
8085,0.9697168944307797,0.005340885434779754,0.024942220134440623
8086,0.0025311926428853893,0.0001331549939876335,0.997335652363127
8087,0.8988791311035809,0.013975814178688328,0.08714505471773082
8088,0.12803914182151327,0.014436694364617251,0.8575241638138694
8089,0.09386090634264138,0.0018582854930624037,0.9042808081642961
8090,0.042028691298671206,0.012148574216581777,0.945822734484747
8091,0.9693219717542723,0.0026325600775987013,0.028045468168128862
8092,0.0030253268694813876,0.0008564242886394916,0.996118248841879
8093,0.9318286206043168,0.03486289598399877,0.0333084834116844
8094,0.07944468662777135,0.047757146850642175,0.8727981665215865
8095,0.6973155881037457,0.10546739855325511,0.19721701334299915
8096,0.5311326912724657,0.007191209064119889,0.46167609966341433
8097,0.3452180402158738,0.021982118317176374,0.6327998414669498
8098,0.8425533590486161,0.018302982793834684,0.13914365815754923
8099,0.908416698374827,0.002518677604471771,0.08906462402070132
8100,0.07531662414910402,0.004852630318941648,0.9198307455319543
8101,0.5220820161032811,0.13066563268578732,0.34725235121093145
8102,0.8266564456636902,0.005743079658835441,0.16760047467747427
8103,0.42855652044945697,0.04256760702831866,0.5288758725222243
8104,0.7387632628504025,0.05630250433165749,0.20493423281793993
8105,0.02304492927965261,0.0005448245366620425,0.9764102461836852
8106,0.9718394822689796,0.0005377391189281928,0.027622778612092138
8107,0.00662270494547431,0.002296022805780196,0.9910812722487454
8108,0.9870120834628456,0.0007089770150403355,0.012278939522114132
8109,0.4836258613923851,0.005033025245404084,0.5113411133622109
8110,0.9947510118763672,0.00210731525821907,0.003141672865413701
8111,0.297191923283284,0.40379531149884956,0.29901276521786657
8112,0.8607531253809977,0.0049879037694878425,0.13425897084951444
8113,0.0034323265780279544,0.004455043497996995,0.9921126299239751
8114,0.047935909035340965,0.017447290660463376,0.9346168003041956
8115,0.9559477351495763,0.0018900890931031586,0.04216217575732068
8116,0.9223684459854995,0.015086179515764677,0.06254537449873564
8117,0.19250446206934674,0.01312257004922643,0.7943729678814268
8118,0.7362846302049053,0.05769354886307367,0.20602182093202104
8119,0.6255248843111758,0.0186567740762522,0.35581834161257203
8120,0.9596668093495427,0.025843155134925237,0.014490035515531885
8121,0.7038125370333331,0.060951304514384,0.23523615845228288
8122,0.9850377973584062,0.0009911766951983265,0.013971025946395434
8123,0.9878063337105631,0.0007497699450886167,0.011443896344348505
8124,0.3555284648974514,0.174694197544962,0.4697773375575867
8125,0.9002473465118416,0.006867665104619234,0.09288498838353913
8126,0.9183148733256499,0.01488263700644023,0.06680248966790989
8127,0.17188004068488485,0.012896454833483678,0.8152235044816314
8128,0.5459881297140298,0.02162556361622621,0.4323863066697439
8129,0.9787628528695091,0.011866445014424304,0.009370702116066621
8130,0.7612743694712079,0.045561983581282474,0.19316364694750957
8131,0.018655309391541523,0.004711754192485466,0.976632936415973
8132,0.8686502317289978,0.08289965980351388,0.04845010846748835
8133,0.9707783893758465,0.00207113464065478,0.02715047598349882
8134,0.7095625030110044,0.01911661586887989,0.2713208811201156
8135,0.05491922685468809,0.008072163241174084,0.9370086099041378
8136,0.005513896140463607,0.0046841761811041395,0.9898019276784322
8137,0.10622735024229042,0.00186596240068877,0.8919066873570207
8138,0.09316124589523381,0.005613370990030716,0.9012253831147354
8139,0.05964643578189311,0.004106166854046095,0.9362473973640607
8140,0.921810689323613,0.006634121937438642,0.07155518873894853
8141,0.990630952251956,0.0008842968256869992,0.008484750922357094
8142,0.9314652897500583,0.05381120209949804,0.014723508150443697
8143,0.8888396885109952,0.09291364628848392,0.018246665200520828
8144,0.19817913965946882,0.1596328518418299,0.6421880084987012
8145,0.9397996505728062,0.003181628001687021,0.057018721425506784
8146,0.9704447512814757,0.0012913336622052854,0.028263915056318967
8147,0.7236324434506686,0.007915126573172754,0.2684524299761586
8148,0.8514200287442057,0.001544196824470939,0.14703577443132335
8149,0.9889287924312884,0.002909093625723041,0.008162113942988509
8150,0.8707927576000115,0.021074804869062765,0.10813243753092566
8151,0.10394387213379284,0.004396921304621572,0.8916592065615857
8152,0.9512842997541198,0.0041437978889599875,0.04457190235692039
8153,0.8672434252867649,0.001621966860971986,0.13113460785226316
8154,0.9407595659013259,0.0021400408114553206,0.057100393287218665
8155,0.0972223874827131,0.004255344418246562,0.8985222680990402
8156,0.9887194687136096,0.0010400169344040656,0.010240514351986335
8157,0.8749804476314628,0.0028314068133810863,0.12218814555515616
8158,0.9942138047069159,0.0010678124553243726,0.004718382837759803
8159,0.24451851523927967,0.05592602882657213,0.6995554559341483
8160,0.7455233516666957,0.040621431511324455,0.21385521682197978
8161,0.9305285649714249,0.02381927536056613,0.045652159668008944
8162,0.18560866927745304,0.5041726444436135,0.31021868627893345
8163,0.30145550557081235,0.015388396886492356,0.6831560975426954
8164,0.7084886797035398,0.02281153436399683,0.2686997859324633
8165,0.034654866164953016,0.0002693967236052374,0.9650757371114417
8166,0.6220663890365072,0.005508790725673936,0.37242482023781864
8167,0.2632493543072078,0.1707881293935309,0.5659625162992613
8168,0.7581669514812177,0.017503369391552646,0.2243296791272295
8169,0.8982455800196532,0.005385576809976011,0.09636884317037095
8170,0.3605145650723823,0.026676282526612024,0.6128091524010056
8171,0.005731893734247975,0.0021956832827348836,0.9920724229830171
8172,0.01841620215119252,0.01250285281575124,0.9690809450330562
8173,0.7699567612883946,0.0021911655428028926,0.22785207316880238
8174,0.9776060292042298,0.0013484549352947815,0.021045515860475445
8175,0.965024743407803,0.0015642589769587823,0.033410997615238226
8176,0.6195142890081974,0.0060328334210812545,0.37445287757072143
8177,0.24529605510525723,0.013442713310611249,0.7412612315841315
8178,0.8968732534427757,0.004854492000787236,0.0982722545564371
8179,0.5787074551741234,0.009344640305766216,0.4119479045201103
8180,0.4813340224336483,0.19520664309479266,0.3234593344715591
8181,0.3167589027988287,0.08004707990595633,0.6031940172952149
8182,0.964253683030672,0.0008078440550794866,0.03493847291424856
8183,0.43194913774030363,0.004671595639523301,0.5633792666201731
8184,0.9611726599391763,0.003462786251447352,0.03536455380937629
8185,0.991242598310406,0.0032170994109239847,0.005540302278670068
8186,0.8863739019230916,0.00817724956778488,0.10544884850912355
8187,0.07534231629145799,0.006908500217749764,0.9177491834907923
8188,0.9546464880007078,0.0023722992312653277,0.04298121276802683
8189,0.3413988397466191,0.052465235402441905,0.606135924850939
8190,0.031508907415089986,0.8143794741618423,0.15411161842306773
8191,0.9683726386432319,0.005229855699775725,0.026397505656992386
8192,0.9503863245938672,0.002081304035187757,0.04753237137094502
8193,0.9795311785266098,0.000432570044089287,0.020036251429301117
8194,0.8742982882143234,0.06178742570560942,0.06391428608006712
8195,0.9376904117922726,0.0014560478140066128,0.06085354039372087
8196,0.9628852968834656,0.001079074767734129,0.03603562834880016
8197,0.8108098658361926,0.0011529056720629286,0.1880372284917443
8198,0.3564164687491818,0.022271948028521175,0.621311583222297
8199,0.9776415773421505,0.008582700730415865,0.013775721927433643
8200,0.9897575923413408,0.0034701552442989005,0.006772252414360374
8201,0.03400834510816724,0.0006864251735403946,0.9653052297182925
8202,0.3032967755549155,0.009756104663394797,0.6869471197816897
8203,0.8075339789425638,0.004280367804316851,0.18818565325311917
8204,0.05771101435440295,0.012518931337730316,0.9297700543078667
8205,0.9651959282875032,0.0002601772019788208,0.03454389451051794
8206,0.1589479570340892,0.0050435137429138055,0.8360085292229971
8207,0.9851547702997834,0.0003300247884214807,0.014515204911795185
8208,0.12334287763183957,0.06615732501689713,0.8104997973512633
8209,0.24319954878132707,0.00465781121429353,0.7521426400043795
8210,0.88678926069115,0.0019136016274653137,0.11129713768138463
8211,0.5119624329424152,0.014574645495814198,0.4734629215617705
8212,0.9947875646015386,0.0006826101149698685,0.0045298252834915205
8213,0.9543237218176198,0.011858850458105351,0.03381742772427493
8214,0.005843463103209562,0.01082833588866391,0.9833282010081266
8215,0.9333586963995464,0.0610426208243259,0.005598682776127623
8216,0.9712410954516868,0.003311281669762007,0.025447622878551207
8217,0.3316181772432262,0.24050236538030348,0.42787945737647026
8218,0.030275809277503445,0.005230545367961564,0.964493645354535
8219,0.9906948296281692,0.0031180024500475053,0.006187167921783398
8220,0.9848194459414692,0.0009638438796076795,0.01421671017892323
8221,0.27363822350900907,0.005132788143078404,0.7212289883479126
8222,0.5325617895366401,0.010507952613126854,0.456930257850233
8223,0.7815436177973147,0.06617897698134054,0.15227740522134472
8224,0.3960254506503941,0.04369317775675518,0.5602813715928507
8225,0.06412464304585319,0.008575075988129469,0.9273002809660174
8226,0.006908154626012866,0.0003943911953316571,0.9926974541786554
8227,0.9961181909332897,0.0016193066883091686,0.0022625023784010223
8228,0.9793951169434334,0.0010654155558284003,0.019539467500738233
8229,0.08256362374720379,0.0021393483132082828,0.9152970279395879
8230,0.5275038341228947,0.026766046272968556,0.44573011960413683
8231,0.4987945305783682,0.4557993247167405,0.04540614470489119
8232,0.8417430196361616,0.003771530209763752,0.15448545015407458
8233,0.018467471611155205,0.002314708024177531,0.9792178203646673
8234,0.9931752941319327,0.0017018075092849509,0.005122898358782249
8235,0.5144351564643261,0.03319794202366437,0.4523669015120094
8236,0.13000050021264362,0.06639829687069623,0.8036012029166603
8237,0.8809895976133947,0.041707748127979824,0.07730265425862545
8238,0.3451914344999199,0.007236338550032771,0.6475722269500473
8239,0.048522788059956336,0.12794366149105757,0.8235335504489861
8240,0.8309981293105699,0.0886122114723393,0.0803896592170909
8241,0.021447389962374795,0.0010028956072000096,0.9775497144304253
8242,0.8481725462651847,0.01832919186751075,0.13349826186730462
8243,0.811502314113523,0.034436566448765075,0.15406111943771192
8244,0.9872699774725197,0.0003610348648834255,0.012368987662596798
8245,0.9793265022556611,0.003086649208517126,0.01758684853582189
8246,0.37577375792162165,0.00335086544820144,0.6208753766301768
8247,0.9905298867584084,0.00035036551051075324,0.009119747731080874
8248,0.987919601092921,0.0013454003820190148,0.010734998525060031
8249,0.8833762286329325,0.011984696059864625,0.10463907530720273
8250,0.94512899385721,0.013574283177206738,0.0412967229655832
8251,0.6342946531511313,0.0010909923054408343,0.3646143545434278
8252,0.8367482904053037,0.0021677860536391063,0.16108392354105724
8253,0.9574958869293889,0.001459002841575136,0.041045110229035835
8254,0.6969246982608464,0.006831199995405142,0.29624410174374843
8255,0.2799258718668921,0.022519923876868977,0.6975542042562388
8256,0.6778922778936058,0.05509258475044509,0.2670151373559491
8257,0.7846636494665671,0.05164764078674205,0.16368870974669103
8258,0.0014655079795627697,4.5168922021056806e-05,0.9984893230984162
8259,0.06701993547145282,0.11241214478463589,0.8205679197439113
8260,0.9527868703073572,0.002885372398286178,0.0443277572943565
8261,0.8503714597804118,0.001959145906852912,0.14766939431273526
8262,0.8718163401903721,0.0075375408775893386,0.12064611893203853
8263,0.8916857400187265,0.0329908805272103,0.07532337945406306
8264,0.8221719231612017,0.0012964564771795544,0.17653162036161876
8265,0.6224499685305971,0.03267087901196818,0.3448791524574348
8266,0.010299112497770756,0.00032191199030391697,0.9893789755119253
8267,0.9608769383382685,0.0021116387674790394,0.037011422894252397
8268,0.9312145341464658,0.016991337429804753,0.05179412842372951
8269,0.9385724321999366,0.0033133197869371447,0.05811424801312621
8270,0.44368558090758536,0.09112840255832831,0.4651860165340863
8271,0.9668392475941717,0.017890530478170064,0.015270221927658215
8272,0.9549289281184498,0.0005244775232640798,0.044546594358286076
8273,0.8975139699049328,0.0786090864818155,0.023876943613251676
8274,0.9161059538174164,0.017116735976183753,0.06677731020639988
8275,0.04189897760421092,0.04270642780267638,0.9153945945931127
8276,0.14470463805310496,0.003855197643730044,0.851440164303165
8277,0.9715727781525777,0.0019967025249504377,0.02643051932247169
8278,0.9046491558716491,0.004270613461723358,0.09108023066662749
8279,0.8038263695648445,0.002964972891630029,0.19320865754352534
8280,0.0056677230824987495,0.000584224375444415,0.9937480525420569
8281,0.7482757005974352,0.016980238188066158,0.23474406121449873
8282,0.9655477926526144,0.025158799217883925,0.009293408129501744
8283,0.9242965539580024,0.004248512151769026,0.0714549338902286
8284,0.9859948173478547,0.006312572507635285,0.0076926101445100505
8285,0.11638545109574983,0.0009456792748118367,0.8826688696294384
8286,0.993205762506071,0.0007104475672799399,0.006083789926649336
8287,0.8272489293358312,0.006830438943791502,0.16592063172037733
8288,0.9928317322440251,0.0007192076586868792,0.006449060097288198
8289,0.6657959647449525,0.024747108089995865,0.3094569271650517
8290,0.338727026471254,0.13879536183043667,0.5224776116983093
8291,0.1534987226058392,0.0023575085296673377,0.8441437688644935
8292,0.8290094328296639,0.029005009414263316,0.1419855577560727
8293,0.9687398089716172,0.001106238908813533,0.030153952119569304
8294,0.9874972114765275,0.0005512605832804201,0.011951527940191952
8295,0.9862128998896759,0.000615262637568639,0.01317183747275548
8296,0.8391254330037136,0.0049663697345548406,0.15590819726173158
8297,0.9215977874367625,0.0037883107854173896,0.07461390177782005
8298,0.991136266835085,0.0032193533314417645,0.005644379833473238
8299,0.9092843197324312,0.021617335290663904,0.06909834497690487
8300,0.9471158496059275,0.004504098357800006,0.04838005203627245
8301,0.840253421779978,0.013827248522251378,0.14591932969777044
8302,0.08910229664673279,0.05950152802215745,0.8513961753311097
8303,0.9317357345746063,0.0006216487553841347,0.06764261667000948
8304,0.012774505345343561,0.002504241110040006,0.9847212535446165
8305,0.9618398781739841,0.02093498912631071,0.01722513269970515
8306,0.9536321284648978,0.001370467619418575,0.044997403915683694
8307,0.003843132106466281,0.00013008151065478163,0.996026786382879
8308,0.4446317168590592,0.00030637263107118106,0.5550619105098696
8309,0.03149577819811701,0.0045580183902797534,0.9639462034116033
8310,0.8406686544903826,0.008252530348534357,0.15107881516108299
8311,0.928335801716479,0.0012345475246750167,0.070429650758846
8312,0.9566582862734411,0.01589384868314456,0.027447865043414343
8313,0.9689195877651987,0.020289572087063806,0.010790840147737417
8314,0.9846694330508065,0.002612814317495844,0.012717752631697905
8315,0.7023515768539275,0.24812007409119027,0.04952834905488222
8316,0.7615768763545075,0.017588405900869308,0.22083471774462315
8317,0.8673223865903602,0.013882494202409635,0.11879511920723027
8318,0.5369382773997976,0.07836509159362717,0.38469663100657525
8319,0.00422587071078336,0.014371072808881223,0.9814030564803355
8320,0.877289014231961,0.002350793508643992,0.12036019225939487
8321,0.8658988439309202,0.006137949285703706,0.12796320678337603
8322,0.6265611940915402,0.026876448059740942,0.3465623578487188
8323,0.0018170057650138142,0.00017008946070427554,0.998012904774282
8324,0.008699211572402214,0.005194294844894025,0.9861064935827037
8325,0.9834422772132981,0.0023656309973803377,0.01419209178932157
8326,0.9933583555176906,0.00046706249253814343,0.006174581989771245
8327,0.9915020730301981,0.0008959113897397707,0.007602015580062157
8328,0.0045330286395736386,0.00010044289973445806,0.995366528460692
8329,0.988811645225335,0.0022447042134835704,0.008943650561181465
8330,0.32557818797603705,0.03349380597569346,0.6409280060482695
8331,0.9931714271184063,0.0007281137833915733,0.006100459098202176
8332,0.602098059293868,0.16814526397996463,0.22975667672616745
8333,0.9456680110424331,0.0008554274434135526,0.053476561514153274
8334,0.9350373089672682,0.009364782178925899,0.055597908853805965
8335,0.9848736550744135,0.0012566341326496703,0.01386971079293683
8336,0.2483100759783245,0.009046994392346078,0.7426429296293294
8337,0.2203157364674506,0.03672459266806212,0.7429596708644873
8338,0.9800644005682295,0.0005694945233832853,0.01936610490838714
8339,0.7073834538478817,0.05673063527847447,0.23588591087364377
8340,0.9543787319793933,0.011651766388052417,0.033969501632554286
8341,0.9390696396880744,0.005695604247182858,0.05523475606474282
8342,0.9854740621149661,0.0025463908259967223,0.011979547059037095
8343,0.5968206110469633,0.007746295988142429,0.3954330929648942
8344,0.04504748932115449,0.03327862896425019,0.9216738817145953
8345,0.9888669075947832,0.003106436521291125,0.00802665588392556
8346,0.6396950584755019,0.0029673537357325286,0.35733758778876556
8347,0.6878949556504488,0.15182696543723184,0.16027807891231943
8348,0.17789845740922575,0.02588030236879859,0.7962212402219756
8349,0.9878185189008768,0.0009648963121888048,0.011216584786934285
8350,0.3658698607289753,0.004007347993214743,0.63012279127781
8351,0.7947125937925386,0.0018016972774342523,0.20348570893002724
8352,0.9354246959113273,0.0030605972332509845,0.06151470685542183
8353,0.014820490394430917,0.0015800530155941836,0.9835994565899749
8354,0.022636559842512147,0.08172202042160678,0.8956414197358812
8355,0.9959601000628326,0.0006285295500466434,0.003411370387120956
8356,0.9428363218224235,0.0016179776868878073,0.055545700490688736
8357,0.066757539697778,0.005511247822216557,0.9277312124800055
8358,0.013949473596622615,0.009178532156227765,0.9768719942471497
8359,0.9861070901514118,0.0007822034291171063,0.01311070641947098
8360,0.7986603880718701,0.0012933361915293856,0.20004627573660044
8361,0.19891656261948423,0.005460616246219304,0.7956228211342965
8362,0.6780387888832815,0.12856496483755656,0.19339624627916197
8363,0.36593342535079343,0.0014394700089143532,0.6326271046402923
8364,0.9203964396731275,0.0072492388260100415,0.0723543215008624
8365,0.8430211500175265,0.01624447969825281,0.14073437028422053
8366,0.9024965347206959,0.0020308669306494456,0.0954725983486546
8367,0.9713070521312388,0.0071993361878652665,0.021493611680895877
8368,0.9836107836351092,0.0016721674933426703,0.01471704887154802
8369,0.6807070053596006,0.027318190657871222,0.29197480398252823
8370,0.7478879343224559,0.006331154734775605,0.2457809109427685
8371,0.7046632584497667,0.0075964065254390915,0.28774033502479435
8372,0.000950469068943667,0.0005335481921640986,0.9985159827388923
8373,0.006752628213266204,0.0060276397209839,0.98721973206575
8374,0.49702771738083906,0.009443976963268182,0.49352830565589273
8375,0.9879837943867968,0.002358547223815641,0.009657658389387452
8376,0.16312945281377994,0.01790854826825828,0.8189619989179617
8377,0.7856833882251266,0.022515999177893212,0.19180061259698017
8378,0.8618198380442351,0.05968113651048434,0.07849902544528058
8379,0.899585932228381,0.0020628119746928662,0.09835125579692593
8380,0.7039411572728237,0.0027053113612328116,0.2933535313659435
8381,0.9436925185736019,0.006269300579492997,0.05003818084690513
8382,0.7791995963699245,0.0037089610509803443,0.21709144257909516
8383,0.9753156688079371,0.005539010636695336,0.01914532055536742
8384,0.9746899974413482,0.0005111592331951173,0.024798843325456787
8385,0.2089152656993705,0.20584627399732816,0.5852384603033014
8386,0.37281322667937317,0.0788729306824066,0.5483138426382203
8387,0.9890920283460578,0.0009881363698586703,0.009919835284083422
8388,0.7418929069481847,0.00609771530072965,0.25200937775108573
8389,0.6301274810722693,0.04743481668503993,0.32243770224269064
8390,0.02630160810059727,0.0025823564488187023,0.971116035450584
8391,0.8576910041700097,0.011959117086837943,0.13034987874315251
8392,0.8561186698478097,0.010473774274868014,0.13340755587732214
8393,0.9819223849697385,0.001220140667675477,0.016857474362586077
8394,0.6574632915171195,0.0964165320192814,0.24612017646359907
8395,0.2070194866632118,0.008722462061375008,0.7842580512754131
8396,0.8230979172407452,0.02313183905946361,0.15377024369979117
8397,0.943399428237285,0.003119485555349059,0.05348108620736585
8398,0.8866328345231866,0.009521463733572218,0.10384570174324101
8399,0.845415730435658,0.03814641218414504,0.11643785738019699
8400,0.001815547395636863,0.0004434761967101249,0.9977409764076531
8401,0.6339187797936877,0.12061193549337403,0.2454692847129382
8402,0.24700643657657084,0.028350123782516858,0.7246434396409123
8403,0.030888090461182113,0.011206508764873453,0.9579054007739445
8404,0.6063016156591071,0.0018246680491506404,0.3918737162917423
8405,0.12028340284608063,0.002145132231314641,0.8775714649226047
8406,0.8999765347784988,0.0015445005314651164,0.09847896469003593
8407,0.9452344795367367,0.008185345256882954,0.0465801752063803
8408,0.9237720067502956,0.009498282443248785,0.06672971080645572
8409,0.02281806204522146,0.003061161849466153,0.9741207761053123
8410,0.2422148666645946,0.6771513053231255,0.08063382801227993
8411,0.9484475144614171,0.006911873927504434,0.04464061161107838
8412,0.02036901799329791,0.003689592235198056,0.975941389771504
8413,0.0033563888877904957,0.021742393691209696,0.9749012174209999
8414,0.9623086183591597,0.000780801889865563,0.03691057975097475
8415,0.9334612414727327,0.02249928142661184,0.044039477100655325
8416,0.977856770584045,0.004404330788266683,0.017738898627688484
8417,0.653848907757113,0.018588260899945693,0.32756283134294134
8418,0.7183254387459598,0.08777473385693946,0.1938998273971007
8419,0.029880109444837204,0.009060191653395873,0.9610596989017669
8420,0.8722569545919144,0.002767635177097607,0.12497541023098802
8421,0.09280155461336846,0.022785595358979706,0.8844128500276519
8422,0.9802865762910755,0.0025843548403980494,0.01712906886852652
8423,0.9639771482636552,0.010495786607167351,0.025527065129177365
8424,0.7456672407821925,0.08334351986551905,0.17098923935228832
8425,0.9648242857200071,0.007957503632433485,0.0272182106475593
8426,0.02937698055909216,0.018629633904207445,0.9519933855367004
8427,0.9325803307403107,0.0215100407175537,0.04590962854213552
8428,0.9935740038985956,0.0002843551761488319,0.00614164092525578
8429,0.9751170580224449,0.0014465765056412884,0.02343636547191384
8430,0.969052703475711,0.007952360821945465,0.022994935702343587
8431,0.09859061768680068,0.0032641858107539247,0.8981451965024454
8432,0.6327720045100547,0.09626711948093307,0.2709608760090123
8433,0.7757444680096358,0.062490959766689044,0.1617645722236752
8434,0.01166861757328904,0.009359082191159553,0.9789723002355515
8435,0.9954635758647414,0.00023710916076786302,0.004299314974490736
8436,0.846039068490573,0.013770724087273355,0.14019020742215368
8437,0.02566475428774537,0.006153773111748998,0.9681814726005057
8438,0.9609605950661384,0.026512837821728485,0.012526567112133253
8439,0.4807464335341818,0.3465480196963402,0.17270554676947816
8440,0.806499291731106,0.10817468291841323,0.08532602535048077
8441,0.5003002316399726,0.006159202030384463,0.493540566329643
8442,0.9204087651396765,0.004216109845275377,0.07537512501504808
8443,0.9656429809029619,0.0031814003540877015,0.031175618742950502
8444,0.9781418376100125,0.005642961291874094,0.0162152010981135
8445,0.9942386522813748,0.0022689795792575963,0.003492368139367728
8446,0.9524918228465072,0.008177439958910763,0.03933073719458191
8447,0.10481557808550289,0.2703096917784212,0.624874730136076
8448,0.9697958891380406,0.0005461161850014235,0.029657994676957976
8449,0.2124764365742542,0.046676587346785085,0.7408469760789608
8450,0.6443429325880452,0.029062071354432915,0.32659499605752185
8451,0.9816321300782106,0.004897446641680798,0.013470423280108678
8452,0.9953262357300802,0.00038845037754003914,0.004285313892379896
8453,0.8567390327565407,0.06957383524610526,0.07368713199735402
8454,0.5089680309724328,0.014054617772462504,0.4769773512551047
8455,0.04193275074013849,0.0002994759124676439,0.9577677733473938
8456,0.6002945988985837,0.01163043910766852,0.38807496199374775
8457,0.9802191361822714,0.0038285991377265856,0.015952264680001983
8458,0.53520158373214,0.037059555067661995,0.4277388612001981
8459,0.939700740545359,0.018677192943544026,0.04162206651109689
8460,0.9694835764010094,0.013275638236010676,0.017240785362979977
8461,0.028118036696534898,0.03877522644041772,0.9331067368630473
8462,0.9161959680793857,0.01600778591188621,0.06779624600872806
8463,0.3638741085281243,0.002592568280750738,0.633533323191125
8464,0.9492389628677631,0.003879539857968445,0.04688149727426845
8465,0.3890787332501435,0.005542193314171256,0.6053790734356851
8466,0.9513662734993171,0.008360859089913568,0.04027286741076926
8467,0.9883512280105078,0.001038974532510179,0.010609797456981885
8468,0.12238870568590263,0.044469519092816684,0.8331417752212807
8469,0.05400300350873748,0.03768821017480537,0.9083087863164572
8470,0.7088023582075642,0.018878962086744566,0.27231867970569124
8471,0.9040993286045679,0.0015630849254948441,0.09433758646993733
8472,0.9575141890279597,0.005667828155906966,0.036817982816133375
8473,0.9358470425682842,0.01296673940855939,0.051186218023156545
8474,0.8787645370842283,0.008274104832477983,0.11296135808329377
8475,0.13075418600112934,0.007893228683311488,0.8613525853155592
8476,0.974615652713879,0.0004863798046781717,0.024897967481442743
8477,0.49538989460232885,0.1800064433286901,0.3246036620689811
8478,0.8007428264427804,0.05065357138752189,0.14860360216969762
8479,0.9529290741767683,0.00591094991607206,0.041159975907159745
8480,0.9757510461522608,0.0010639514221374526,0.023185002425601783
8481,0.9958005896454254,0.002553077960661019,0.0016463323939134992
8482,0.5333355628483901,0.024044408828899296,0.4426200283227105
8483,0.022076068815560717,0.002481268361364964,0.9754426628230743
8484,0.9636305945788222,0.012179087702394469,0.024190317718783175
8485,0.9787260404439271,0.002190848175784528,0.019083111380288554
8486,0.02897886336458879,0.018564781836581487,0.9524563547988297
8487,0.7626686356198225,0.006021955022773294,0.23130940935740427
8488,0.9784068319682793,0.0018833314756824466,0.01970983655603849
8489,0.7857200920838856,0.0066563099665780225,0.20762359794953636
8490,0.05666697740991241,0.047899739085681924,0.8954332835044058
8491,0.27981387056541107,0.0032356351594156354,0.7169504942751733
8492,0.8395260088942783,0.040411939204413064,0.12006205190130863
8493,0.8152368788325324,0.027541425902933635,0.15722169526453417
8494,0.7455599333085735,0.009445213542071328,0.24499485314935515
8495,0.9022350626041292,0.03091654142209239,0.06684839597377848
8496,0.7247246870625293,0.014862660185467154,0.2604126527520035
8497,0.9910061332041535,0.0014141240038488617,0.00757974279199761
8498,0.021506403825377367,0.006881734135514407,0.9716118620391083
8499,0.9925894641231827,0.0011548001178939358,0.0062557357589232586
8500,0.87920452339144,0.04480469008472589,0.07599078652383412
8501,0.9495856314559804,0.00528367124656539,0.04513069729745425
8502,0.15650649698103203,0.0007108504482391197,0.8427826525707288
8503,0.9362457737574693,0.000841273198133069,0.06291295304439755
8504,0.023237589546032625,0.0021736409676234225,0.974588769486344
8505,0.9158458087378605,0.0016562521531181447,0.08249793910902149
8506,0.9834884500719974,0.000972209465283837,0.015539340462718949
8507,0.6684190556975773,0.0013518234036340965,0.3302291208987886
8508,0.7321840808669903,0.004772640127481943,0.2630432790055278
