id,Status_C,Status_CL,Status_D
7905,0.4600855350501264,0.05785832936622826,0.4820561355836453
7906,0.6740084609803083,0.06661965057584936,0.2593718884438422
7907,0.004831954706858784,0.0004871000452150357,0.9946809452479262
7908,0.9584247019684352,0.003052987578892566,0.03852231045267222
7909,0.895468590317087,0.014959647756618963,0.08957176192629394
7910,0.9939830700082978,0.00037245153949597756,0.005644478452206121
7911,0.9849419789617623,0.004113478585973505,0.010944542452264347
7912,0.3674306515879949,0.005893963271800423,0.6266753851402047
7913,0.0006656824410047311,5.838258572383957e-05,0.9992759349732714
7914,0.6796159101984254,0.0050385733169252605,0.31534551648464937
7915,0.7433333488022947,0.002791525775513689,0.25387512542219154
7916,0.6100912206874357,0.013280499976314263,0.37662827933625004
7917,0.33271453704528253,0.3206015144607577,0.3466839484939598
7918,0.897850591974199,0.0018470977969866648,0.10030231022881415
7919,0.768879327721628,0.03125749255684365,0.19986317972152828
7920,0.983678751669727,0.0018238048269233426,0.01449744350334967
7921,0.9468137408861357,0.006896006992940052,0.04629025212092412
7922,0.007190218072867057,0.0008711784407513831,0.9919386034863815
7923,0.8998494469190456,0.0006259158779668635,0.09952463720298749
7924,0.6102832784125267,0.2618772064318308,0.12783951515564243
7925,0.01638643429522713,0.0005077892917458148,0.983105776413027
7926,0.7730682085478896,0.0013725616445560533,0.22555922980755436
7927,0.7812909682551314,0.029437459047055695,0.18927157269781275
7928,0.04782979994617351,0.0015952306976808749,0.9505749693561456
7929,0.9441062095063237,0.004443508984368758,0.05145028150930753
7930,0.1545734193638922,0.16981475949580674,0.6756118211403012
7931,0.9217953147271636,0.001536003938264168,0.07666868133457226
7932,0.13994984774752411,0.017580383829483792,0.8424697684229921
7933,0.5479556780996012,0.022702588827671354,0.4293417330727275
7934,0.9767630367489982,0.0003294399317147108,0.022907523319286926
7935,0.9637963988824352,0.007284071160046587,0.02891952995751825
7936,0.9310406431932566,0.017929826830668818,0.05102952997607458
7937,0.2891811081479534,0.005691897244471662,0.705126994607575
7938,0.9926048365854888,0.0010118109132595215,0.006383352501251534
7939,0.4635283676201595,0.036741533381493316,0.4997300989983472
7940,0.7761703211291222,0.13856804943900308,0.08526162943187476
7941,0.12481613627956027,0.05415086157962166,0.8210330021408181
7942,0.8378546587584519,0.0022039747181698106,0.15994136652337823
7943,0.008857177588150394,0.020380293455205027,0.9707625289566447
7944,0.9813606503631117,0.0004553793007553758,0.018183970336132914
7945,0.9807014875555511,0.00015266067614804298,0.019145851768300862
7946,0.9303666450941468,0.004657315050844075,0.06497603985500909
7947,0.6879956438144607,0.01684349954570767,0.29516085663983155
7948,0.12413582685959923,0.025891397138743517,0.8499727760016573
7949,0.04904910593175105,0.2146057306501003,0.7363451634181487
7950,0.9601658285554026,0.0010446380085001833,0.03878953343609727
7951,0.35015914580059515,0.3203759332539226,0.3294649209454822
7952,0.24841665089088286,0.059872910754762365,0.6917104383543548
7953,0.003297899324657882,0.0008103753731153024,0.9958917253022267
7954,0.9562572858638511,0.0018849593465608242,0.04185775478958809
7955,0.42131219031631234,0.005128110048090543,0.573559699635597
7956,0.019599425169605413,0.020181883237685765,0.9602186915927089
7957,0.8725094418230858,0.008669390738894348,0.11882116743801985
7958,0.011151435936202053,0.001909066040224891,0.9869394980235732
7959,0.45398767805034823,0.03736496483081143,0.5086473571188403
7960,0.11593276508012837,0.010641612634135081,0.8734256222857366
7961,0.8796110615896715,0.012147572334607181,0.10824136607572124
7962,0.13264743601492146,0.00016136470992197293,0.8671911992751565
7963,0.16960100383859827,0.10588433159268903,0.7245146645687127
7964,0.016928464862718748,0.005330624513442114,0.9777409106238392
7965,0.9851566635175262,0.0035286678429970442,0.011314668639476798
7966,0.39836096486122813,0.0038973146517231653,0.5977417204870487
7967,0.957718549383663,0.00542975510053967,0.0368516955157974
7968,0.948869657176488,0.00018106189188869503,0.05094928093162323
7969,0.3559965077852518,0.010670212758625432,0.6333332794561227
7970,0.9574421993574079,0.0016163172327530008,0.040941483409839004
7971,0.9887463995271226,0.0005657712548945402,0.010687829217982845
7972,0.65026727226796,0.04737570230868216,0.3023570254233578
7973,0.9775902819002423,0.003764924443290022,0.018644793656467575
7974,0.23811956284959568,0.07664618707345432,0.68523425007695
7975,0.9267180532470092,0.0056331141932706415,0.06764883255972001
7976,0.7630609887745643,0.0017779024102348177,0.2351611088152008
7977,0.9704295921810168,0.0008368932530912172,0.02873351456589182
7978,0.031138542623957474,0.006246863985540732,0.9626145933905018
7979,0.4866598613139868,0.05263406020307456,0.4607060784829386
7980,0.969097515116412,0.001000748211535929,0.029901736672052252
7981,0.8949833899835818,0.013633078645429359,0.09138353137098874
7982,0.8936914669962807,0.005994040490147452,0.10031449251357179
7983,0.9096129895580296,0.014725474334784109,0.07566153610718625
7984,0.10084695525426242,0.037341669243400356,0.8618113755023372
7985,0.5002365193705877,0.004759157552536828,0.49500432307687553
7986,0.12022397241183239,0.1166061914310688,0.7631698361570988
7987,0.662097475027721,0.008136549675372091,0.32976597529690693
7988,0.8080259699149495,0.00986086600674166,0.18211316407830874
7989,0.96160585244781,0.0030795076271097187,0.035314639925080195
7990,0.18049089758279205,0.008747259465488374,0.8107618429517196
7991,0.0539136720219322,0.008117790099305973,0.9379685378787619
7992,0.9773059722898225,0.0037443833472304115,0.01894964436294732
7993,0.7438190750562873,0.008652799664937373,0.24752812527877527
7994,0.9582724344550906,0.014425826492179302,0.027301739052729968
7995,0.8749230479157837,0.009430931879955083,0.11564602020426126
7996,0.03175580297980284,0.018737739711733332,0.9495064573084638
7997,0.9312745340675392,0.010304425395127317,0.0584210405373335
7998,0.0007038800715315203,8.463423833716592e-05,0.9992114856901314
7999,0.0015228916891466817,0.00035317186449041306,0.9981239364463629
8000,0.898102031456265,0.020354179581527607,0.08154378896220729
8001,0.9523730121466607,0.002143580206585714,0.045483407646753626
8002,0.4030316367772526,0.06133609773376768,0.5356322654889797
8003,0.6295978527457259,0.12443591572051795,0.24596623153375616
8004,0.555115848733536,0.0470131025556505,0.39787104871081347
8005,0.6668835268020675,0.006806367418103962,0.32631010577982855
8006,0.9063836729409241,0.03060868476224562,0.06300764229683023
8007,0.7539374798469755,0.008573487991098694,0.2374890321619257
8008,0.9725592436501881,0.004528491529991571,0.02291226481982051
8009,0.8883396163197043,0.002885941302705974,0.10877444237758992
8010,0.9008872031390809,0.008883179907685208,0.09022961695323384
8011,0.9102896586470205,0.0012320852062293408,0.08847825614675005
8012,0.8716798122164848,0.002477816615909553,0.1258423711676056
8013,0.09517211299753643,0.03523735706299829,0.8695905299394654
8014,0.9822135436583566,0.0034790440204085318,0.014307412321234848
8015,0.9624356279363653,0.00041808938218500897,0.037146282681449955
8016,0.9908048142258515,0.0007223340314047499,0.008472851742743858
8017,0.4348513064316217,0.0005864631502326102,0.5645622304181458
8018,0.7032490439766981,0.00859018662832804,0.2881607693949739
8019,0.9551213512250784,0.004959715150299509,0.03991893362462222
8020,0.7446555412095687,0.01672573318941185,0.2386187256010194
8021,0.11582857789845542,0.0019993370740979113,0.8821720850274467
8022,0.08633917889924592,0.030199072495423734,0.8834617486053304
8023,0.718194681023669,0.09545068046058595,0.1863546385157449
8024,0.9645495088998179,0.0004194728612628653,0.035031018238919354
8025,0.11993487210208668,0.0051253939939782545,0.8749397339039351
8026,0.9771717037346779,0.000586271456295315,0.02224202480902689
8027,0.989560136034646,0.001006179147500073,0.009433684817854053
8028,0.056807528689476916,0.023279882655986215,0.9199125886545368
8029,0.043020434884621817,0.018639746463490047,0.9383398186518882
8030,0.9913312645046874,0.0006317691179858492,0.008036966377326685
8031,0.7137665151080695,0.18571004538321362,0.10052343950871687
8032,0.9157251343905044,0.0019699697879397094,0.08230489582155588
8033,0.08648316423896943,0.017505299772895548,0.896011535988135
8034,0.6863510424983462,0.01972861069935192,0.29392034680230184
8035,0.9856711488450152,0.001337859739964251,0.012990991415020595
8036,0.36750466606739285,0.6245146610212756,0.007980672911331602
8037,0.32311688566121,0.037295201398549624,0.6395879129402404
8038,0.7403937432273773,0.022638387966934865,0.23696786880568793
8039,0.03637756277111885,0.019926109081305148,0.943696328147576
8040,0.6354934991607094,0.04243068895777661,0.322075811881514
8041,0.23020248431471704,0.004197658247070932,0.7655998574382121
8042,0.04621897463268726,0.0016386503456586167,0.9521423750216542
8043,0.9094069551775212,0.0011993541988676761,0.0893936906236111
8044,0.013415019469844587,0.00030590923317563997,0.9862790712969799
8045,0.20446276922736198,0.1445600319624351,0.6509771988102029
8046,0.8918015942483823,0.0003570969346222903,0.10784130881699544
8047,0.9642044853927549,0.004489396315177648,0.03130611829206746
8048,0.9457088804921773,0.009383117862082806,0.044908001645739756
8049,0.7177897984852021,0.03238086925758592,0.249829332257212
8050,0.4376449864707024,0.022693165496591613,0.539661848032706
8051,0.20208877791525312,0.002831812812696306,0.7950794092720505
8052,0.9798249956692193,0.0021869717067773626,0.017988032624003156
8053,0.07484021563983374,0.0025935056073280267,0.9225662787528383
8054,0.8915542467465345,0.005442451762218168,0.10300330149124744
8055,0.2730778728611,0.05724077585436586,0.6696813512845341
8056,0.9662371742705465,0.0033887415211671635,0.030374084208286384
8057,0.9213434372482034,0.000843166955853308,0.07781339579594317
8058,0.9574170656698234,0.006865936716167189,0.03571699761400929
8059,0.6463947324977497,0.008053944328990835,0.34555132317325943
8060,0.06128293334151415,0.14924229300930067,0.7894747736491852
8061,0.07915731142662447,0.07992983881901293,0.8409128497543626
8062,0.12697225197038395,0.0035208544117793054,0.8695068936178368
8063,0.9599634873358401,0.005887155115887036,0.0341493575482729
8064,0.01596171926917786,0.00614746578772699,0.9778908149430952
8065,0.7649026345319947,0.002772109408964709,0.2323252560590405
8066,0.9839276107192827,0.0014626030473859025,0.014609786233331439
8067,0.0577436995318868,0.007650542273418884,0.9346057581946944
8068,0.8233533508509737,0.011281374236484058,0.1653652749125423
8069,0.7912519778237693,0.006840701594967145,0.20190732058126354
8070,0.9871946252139447,0.0006591355182850498,0.012146239267770259
8071,0.7563018368778059,0.014842255679517993,0.22885590744267606
8072,0.9689856324441978,0.007820132849967238,0.023194234705835075
8073,0.9838261075060728,0.0014629408769591754,0.014710951616968218
8074,0.9453683752043498,0.0023402878712572455,0.05229133692439303
8075,0.9327921238845696,0.01176570298780163,0.05544217312762878
8076,0.8974051848843506,0.006587923602471738,0.09600689151317764
8077,0.0951617316077148,0.29803460304419616,0.606803665348089
8078,0.14035431737088788,0.01614736101822748,0.8434983216108846
8079,0.9399391694753149,0.0014224260204887557,0.05863840450419647
8080,0.9504624353903867,0.0018021424461906472,0.04773542216342277
8081,0.9677527192618998,0.0009046865816816057,0.03134259415641859
8082,0.8894703167070175,0.01616127586728568,0.09436840742569673
8083,0.31749885425230445,0.04348257298770699,0.6390185727599885
8084,0.045905278519401495,0.003879147280996401,0.9502155741996022
8085,0.977169291912856,0.0035047948036510965,0.01932591328349292
8086,0.0004272988943831951,9.057425887640064e-05,0.9994821268467405
8087,0.7582475390543586,0.04819547688301014,0.1935569840626313
8088,0.4413555119194034,0.005323764477149776,0.5533207236034469
8089,0.17933095674213068,0.00503764193578893,0.8156314013220805
8090,0.021403916551000227,0.0035199993124400003,0.9750760841365597
8091,0.9651876246671679,0.003686042065513032,0.0311263332673192
8092,0.006927498213565815,0.0023309628891446713,0.9907415388972894
8093,0.9430146372260994,0.00763053226809498,0.049354830505805594
8094,0.06411642719010122,0.02957523350945771,0.9063083393004411
8095,0.6695295046774409,0.023332654341454106,0.30713784098110497
8096,0.1647030444849657,0.05259415618693209,0.782702799328102
8097,0.19847865835158066,0.008390480938567063,0.7931308607098523
8098,0.8682958272140328,0.03229544123303298,0.0994087315529341
8099,0.7552865060925481,0.0031176489257100843,0.24159584498174166
8100,0.031140896420498027,0.002050059799489103,0.9668090437800128
8101,0.27509961753888684,0.1358583826656259,0.5890419997954873
8102,0.8393566196332792,0.01568735962577076,0.1449560207409501
8103,0.3309895078114328,0.17306236062568378,0.49594813156288325
8104,0.5726190014516948,0.13637296031053542,0.2910080382377699
8105,0.008093722453218918,0.0006107732121429606,0.9912955043346381
8106,0.984425334967389,0.0007947743792949893,0.014779890653315987
8107,0.008487419717503818,0.0009187625813808326,0.9905938177011154
8108,0.9480609333121475,0.006478629013973406,0.045460437673879146
8109,0.5842225300248711,0.0005614137522877499,0.41521605622284125
8110,0.9886090284427543,0.005616289607014262,0.005774681950231457
8111,0.7339648839153201,0.06213359041927363,0.20390152566540626
8112,0.8743320875039929,0.006067885521974455,0.11960002697403264
8113,0.004024651051094086,0.005681518280118849,0.9902938306687871
8114,0.023362592634763125,0.0095424927852393,0.9670949145799975
8115,0.9626038891085199,0.004009175377227114,0.03338693551425305
8116,0.8855529504027745,0.014151722520841509,0.10029532707638394
8117,0.14272214195848784,0.021592300165148962,0.8356855578763631
8118,0.6898442204064046,0.08081780181919117,0.22933797777440426
8119,0.7741073767658941,0.12064060713873376,0.1052520160953721
8120,0.9659383629786857,0.009501683636358412,0.024559953384955795
8121,0.2777014501931782,0.1792995632266101,0.5429989865802117
8122,0.9881653818972748,0.00033043589498160604,0.01150418220774376
8123,0.9850018476385779,0.0002682589297714355,0.014729893431650574
8124,0.25600663054474043,0.19780547443328506,0.5461878950219745
8125,0.7755174313648092,0.014552292516320446,0.2099302761188703
8126,0.9365425554666258,0.009351307150425307,0.05410613738294876
8127,0.361508308498772,0.01629692697574306,0.622194764525485
8128,0.44639933970197576,0.0158113874773892,0.537789272820635
8129,0.9766035999251981,0.013165631582857875,0.010230768491943964
8130,0.6880588057735192,0.04617667543982351,0.2657645187866573
8131,0.013059637757700391,0.024120652267017064,0.9628197099752825
8132,0.8124856878385454,0.11077355460370177,0.0767407575577527
8133,0.973231503984757,0.00582191748982226,0.020946578525420766
8134,0.815770598450198,0.015071600322323152,0.16915780122747878
8135,0.0163427023355015,0.0009245522381887485,0.9827327454263097
8136,0.03761451707559376,0.0013388960180072708,0.961046586906399
8137,0.22811752342897723,0.005240462327911932,0.7666420142431107
8138,0.06569848720682629,0.007835524705099108,0.9264659880880746
8139,0.05187062359233196,0.0040606718827420375,0.9440687045249261
8140,0.9393350380379176,0.0037228353648044777,0.05694212659727795
8141,0.9766746495079623,0.0010816362471836565,0.02224371424485384
8142,0.976987575332928,0.010397071840568112,0.01261535282650373
8143,0.8351208242056425,0.14201604731907458,0.022863128475282844
8144,0.1491515685468616,0.10540824688304354,0.7454401845700949
8145,0.957213191167684,0.004706523561223981,0.038080285271091835
8146,0.9642066682035948,0.000837259882983239,0.03495607191342182
8147,0.5626089994803719,0.011880401641054668,0.42551059887857323
8148,0.8611079898524847,0.0011842907241068888,0.13770771942340845
8149,0.993141792580617,0.00028166301960648373,0.006576544399776663
8150,0.9530187705658185,0.005891804428811536,0.041089425005369905
8151,0.11186973160617002,0.005783717687206889,0.8823465507066232
8152,0.9772761589321081,0.0038008581146127787,0.018922982953279193
8153,0.815295215788187,0.004024576495895579,0.18068020771591756
8154,0.9692062914026536,0.009002038006325203,0.021791670591021117
8155,0.09015690323007959,0.02571258948618584,0.8841305072837347
8156,0.9848188724113379,0.00034248155427036594,0.014838646034391778
8157,0.8481517624827827,0.0054166192818868334,0.14643161823533032
8158,0.9682839545433997,0.006030855535143337,0.025685189921456773
8159,0.31150653749090634,0.21616562644094595,0.4723278360681478
8160,0.6411965825271091,0.018941431190957276,0.33986198628193365
8161,0.9062492611011821,0.013945507610784589,0.07980523128803325
8162,0.25290184596951815,0.3384705642266889,0.40862758980379305
8163,0.18627818670509602,0.014545240656996717,0.7991765726379072
8164,0.760472042697725,0.029109196234240665,0.21041876106803434
8165,0.034257545089246305,0.00029860325331576456,0.9654438516574381
8166,0.5614225454312944,0.000863173965599549,0.43771428060310613
8167,0.27703806013956045,0.11975469292148133,0.6032072469389581
8168,0.6437258236354109,0.006884596063369532,0.3493895803012196
8169,0.855764137514258,0.0038709311967650754,0.14036493128897684
8170,0.46761916800897185,0.04499272916943685,0.48738810282159134
8171,0.002902954343568873,0.0009089906998616501,0.9961880549565694
8172,0.048571114784936434,0.05261459534444734,0.8988142898706162
8173,0.8239052068879812,0.0025566520396731094,0.17353814107234572
8174,0.9893169181434122,8.947438629444036e-05,0.010593607470293347
8175,0.9603031951716247,0.003357897287390685,0.03633890754098478
8176,0.778709835597236,0.004290007356085382,0.2170001570466786
8177,0.14381471992340195,0.010145461524061851,0.8460398185525363
8178,0.7975519735086792,0.038518896403626456,0.16392913008769427
8179,0.6161434397760862,0.016166336469600674,0.3676902237543132
8180,0.44963494987962366,0.04333913971066515,0.5070259104097112
8181,0.16210415674514517,0.005901035562527141,0.8319948076923278
8182,0.9713603941595012,0.00043397353184438346,0.028205632308654506
8183,0.4045740937356195,0.0074376320527553995,0.587988274211625
8184,0.9386684294709936,0.002831387695879656,0.05850018283312668
8185,0.9956632871297735,0.0020174040502951352,0.00231930881993137
8186,0.878216932661389,0.007332564835141358,0.11445050250346957
8187,0.18329849156638087,0.0026101045477525814,0.8140914038858665
8188,0.9492349666560598,0.0004418401579460553,0.05032319318599403
8189,0.31808370869116886,0.08388020769836452,0.5980360836104666
8190,0.029785284172810775,0.8823575808970099,0.08785713493017928
8191,0.9415913912156172,0.0041438888236778534,0.054264719960704845
8192,0.9632681331601435,0.007445399278842069,0.029286467561014332
8193,0.9622628162633904,0.0003035413244376557,0.03743364241217213
8194,0.9014507645510101,0.04577171889242905,0.05277751655656088
8195,0.9062105233436607,0.0002547874536941153,0.09353468920264507
8196,0.9252809149209295,0.0016935245012433017,0.07302556057782728
8197,0.894800818203788,0.0014464858736473749,0.10375269592256464
8198,0.6884345115051121,0.017743860195207836,0.2938216282996801
8199,0.9443498741431955,0.004294983169359737,0.05135514268744473
8200,0.9926522033892119,0.0014960496695557814,0.005851746941232219
8201,0.05222121714420509,0.0005232707045712922,0.9472555121512237
8202,0.24520916645830776,0.012188866418463075,0.7426019671232292
8203,0.9178300480853084,0.004178414518566542,0.07799153739612505
8204,0.09768102348762706,0.00871029554376241,0.8936086809686105
8205,0.9639648210291285,8.06753960987742e-05,0.03595450357477264
8206,0.34239317472323233,0.0026805705774823737,0.6549262546992853
8207,0.9743869994825,0.0006180968462742552,0.024994903671225758
8208,0.058931876909967144,0.05648182033969448,0.8845863027503384
8209,0.3660900670740833,0.010569202721895798,0.6233407302040208
8210,0.9588435641221418,0.0010151058285397766,0.0401413300493185
8211,0.5119762281497351,0.0427347349483617,0.4452890369019032
8212,0.9616733314880709,0.00291442908143775,0.03541223943049136
8213,0.9058664777835859,0.0511306953110045,0.043002826905409644
8214,0.019219585545858994,0.007203578400312637,0.9735768360538283
8215,0.9583688635359117,0.02906158613256609,0.012569550331522059
8216,0.954298211689886,0.0064892974719667285,0.039212490838147214
8217,0.6895691658802907,0.034733099013538826,0.2756977351061704
8218,0.08725465548523514,0.028414984705773055,0.8843303598089918
8219,0.9804656550619734,0.005579845468789063,0.013954499469237767
8220,0.9572409332715318,0.0014844486113796069,0.04127461811708855
8221,0.31110949733671267,0.0037010801416660207,0.6851894225216213
8222,0.22519586728623825,0.008160023448091256,0.7666441092656706
8223,0.8767594929585422,0.024908498901539886,0.09833200813991809
8224,0.42305793192492197,0.05082611984294898,0.5261159482321291
8225,0.053605892676704486,0.007148233641501956,0.9392458736817935
8226,0.0031931232478652313,0.0003448959769754192,0.9964619807751595
8227,0.9879119807010843,0.00032931807018232663,0.011758701228733211
8228,0.9022423708179478,0.00761689757108659,0.09014073161096568
8229,0.29674817330601966,0.005924250488274811,0.6973275762057055
8230,0.360998814318774,0.0205580714908737,0.6184431141903522
8231,0.6329930455082676,0.31005607017277015,0.05695088431896211
8232,0.7388428665899778,0.007079855910613403,0.25407727749940884
8233,0.03945129396918486,0.009967524370797913,0.9505811816600173
8234,0.9729756964390334,0.01001676128441472,0.017007542276551813
8235,0.16209509986409187,0.023925282830469463,0.8139796173054386
8236,0.27922053942350833,0.011346192107968129,0.7094332684685236
8237,0.9118227441168248,0.020441661078630463,0.06773559480454486
8238,0.4960611557723382,0.00345024053740989,0.5004886036902518
8239,0.09242430754206347,0.21078681771249846,0.6967888747454382
8240,0.9114829104853989,0.028688675168566324,0.0598284143460349
8241,0.028096131085316566,0.000673737240363059,0.9712301316743204
8242,0.8417884145304843,0.005218541725407545,0.15299304374410821
8243,0.4964219904551194,0.11752914566174712,0.3860488638831336
8244,0.9891519553369983,0.00010472135665388133,0.010743323306347781
8245,0.9761927042775911,0.009012466989456588,0.014794828732952328
8246,0.569097062877118,0.011245798151027463,0.4196571389718545
8247,0.9888349826227186,0.0008129435487014292,0.01035207382857988
8248,0.973155341171549,0.0032093991688604373,0.023635259659590756
8249,0.9115503680563888,0.007985248338336722,0.08046438360527446
8250,0.9622946958517563,0.010660351562274756,0.027044952585968944
8251,0.7217508633598645,0.0012802830869712185,0.27696885355316414
8252,0.8533449361825205,0.003974843870377836,0.1426802199471017
8253,0.9638161785597102,0.0012077801385912317,0.03497604130169841
8254,0.7413131091637888,0.005689437231221926,0.25299745360498926
8255,0.29931995186985005,0.0711798746754194,0.6295001734547305
8256,0.7795382904669697,0.015999162987834437,0.2044625465451959
8257,0.8932820487310279,0.05415375816063973,0.05256419310833238
8258,0.00025455701936144537,6.699062471214354e-05,0.9996784523559263
8259,0.04524809649152388,0.007529143937421241,0.9472227595710548
8260,0.8941976807148899,0.005470595787977714,0.10033172349713233
8261,0.9727947591955727,0.0010933743509607668,0.026111866453466418
8262,0.7314205444471468,0.005398251056423867,0.2631812044964293
8263,0.9350033134599323,0.01909416665052245,0.0459025198895454
8264,0.7802651487029768,0.006350626817957553,0.21338422447906555
8265,0.7789520132576885,0.12927778936668943,0.09177019737562198
8266,0.0017087762889815834,0.000803837005787511,0.9974873867052308
8267,0.9558953495097003,0.004582826730541801,0.039521823759757775
8268,0.9508464780246089,0.005822221766589276,0.043331300208801875
8269,0.920885784394277,0.007166683809144125,0.07194753179657883
8270,0.4379918107627368,0.009295213320580057,0.5527129759166831
8271,0.9289782268756018,0.024017099900541586,0.04700467322385672
8272,0.8996593846900608,0.001143005107328246,0.09919761020261095
8273,0.8835618695805368,0.061432625454121495,0.05500550496534181
8274,0.9296536681334565,0.009779616397889584,0.060566715468654
8275,0.09957897319317029,0.053685800576270204,0.8467352262305595
8276,0.19337918448184735,0.002443695982753602,0.804177119535399
8277,0.9299225651795632,0.011653648293810702,0.05842378652662623
8278,0.86867574148251,0.008158405459101924,0.12316585305838793
8279,0.928506606908753,0.001356902787838684,0.07013649030340849
8280,0.014449622092033678,0.0017535575818167454,0.9837968203261497
8281,0.7114078341982156,0.11927231940904519,0.16931984639273923
8282,0.9773485332140406,0.006170573826722813,0.01648089295923666
8283,0.9255845889304387,0.0008269338914783606,0.07358847717808285
8284,0.9490088022910612,0.011543418398174785,0.03944777931076396
8285,0.08272975257631542,0.0020040063745963973,0.9152662410490882
8286,0.9944931243416131,0.0008563799238323391,0.004650495734554556
8287,0.8385585244984395,0.0014498470610456752,0.1599916284405149
8288,0.9785230025077748,0.0030549232619554206,0.018422074230269845
8289,0.37555224568388645,0.03273654210180672,0.5917112122143069
8290,0.42692529006999663,0.013357973689220284,0.5597167362407831
8291,0.3642689493821724,0.004967027136283297,0.6307640234815443
8292,0.8923529405965284,0.033843482452623634,0.07380357695084794
8293,0.9528808484657149,0.001162815950300522,0.04595633558398448
8294,0.9650862686275388,0.002051486983715417,0.032862244388745694
8295,0.9642781628922545,0.0007638793530065248,0.03495795775473895
8296,0.8246358115731409,0.004735218868471458,0.17062896955838763
8297,0.8732722321328785,0.0027158336750027342,0.12401193419211869
8298,0.9908765105441554,0.0025164557800634074,0.006607033675781139
8299,0.9008640191175753,0.013015231265847398,0.08612074961657744
8300,0.8800397221884358,0.009494718582021626,0.11046555922954263
8301,0.6745679524549187,0.017434966579330406,0.3079970809657507
8302,0.15740424342321974,0.03785258510478342,0.8047431714719968
8303,0.9321884470509509,0.0007375566806202137,0.0670739962684288
8304,0.04074970048245345,0.02586511861228399,0.9333851809052626
8305,0.971645198418553,0.003006055291583508,0.025348746289863496
8306,0.9472309202719073,0.0025971062808122425,0.050171973447280464
8307,0.05184563180997274,0.0009161066644332799,0.947238261525594
8308,0.42862840569145777,0.000238373481682594,0.5711332208268596
8309,0.083055488085692,0.008662450920005355,0.9082820609943026
8310,0.6127670637630382,0.0158745783632331,0.37135835787372856
8311,0.9262026102499471,0.0005085696829421271,0.07328882006711084
8312,0.9721695463752329,0.006971079481816726,0.02085937414295039
8313,0.9884043504441409,0.003485412129959228,0.008110237425900012
8314,0.9774036077645646,0.0032629563383231126,0.019333435897112335
8315,0.7056360551869783,0.23870427744808964,0.05565966736493223
8316,0.92972282308994,0.003104192629644632,0.06717298428041538
8317,0.872483693384301,0.006427156639601247,0.12108914997609765
8318,0.5506065422185729,0.032007468524765534,0.41738598925666154
8319,0.01997730646227276,0.007817722744834155,0.972204970792893
8320,0.781607397727877,0.007441995881241014,0.2109506063908819
8321,0.5535529379123799,0.007324765270910161,0.43912229681670983
8322,0.3191548669698111,0.024696525668676014,0.6561486073615128
8323,0.0038872473996999952,0.00018164832303541511,0.9959311042772645
8324,0.03753382731425918,0.005207481977727613,0.9572586907080132
8325,0.9930057122320156,0.0013075444581495672,0.005686743309834912
8326,0.9628816033859984,0.008432078399997371,0.028686318214004122
8327,0.9739009974502217,0.003254651064781892,0.02284435148499628
8328,0.05155971798853121,0.0006585414524241931,0.9477817405590447
8329,0.9839158637160836,0.0009965593961492858,0.015087576887767155
8330,0.5168814568831909,0.02851239042223922,0.45460615269457
8331,0.9783713113126628,0.0013144834155116517,0.020314205271825456
8332,0.48000541871363983,0.2585250638501347,0.26146951743622554
8333,0.8834810367352791,0.0011597574877805557,0.11535920577694032
8334,0.8989356860431686,0.0005436310027816147,0.1005206829540497
8335,0.9782574278829389,0.0009214041177200757,0.02082116799934096
8336,0.21008885799767213,0.0023405788356739596,0.7875705631666539
8337,0.3421152344599353,0.00585826759110221,0.6520264979489624
8338,0.9682764458837942,0.0011004241135711937,0.03062313000263462
8339,0.5351206784197836,0.026097704785612706,0.4387816167946036
8340,0.9740651365594746,0.0014449364499420974,0.02448992699058329
8341,0.9283898540154981,0.00671203482287462,0.06489811116162719
8342,0.9785454163419863,0.0026882101231847197,0.018766373534829076
8343,0.7671672014686987,0.008220778143840892,0.22461202038746045
8344,0.058773843012331003,0.017712279834353487,0.9235138771533155
8345,0.9759079643704246,0.0031775051673670032,0.020914530462208387
8346,0.6561189173220731,0.004464740424166912,0.33941634225375994
8347,0.3347790867463274,0.3990947310399335,0.2661261822137392
8348,0.30003192568060866,0.014606599685321055,0.6853614746340703
8349,0.9834601206593313,0.00028389800902268894,0.01625598133164585
8350,0.6954996048026062,0.0033044763826691023,0.3011959188147248
8351,0.8213294369936853,0.0012128618950801278,0.1774577011112345
8352,0.9527040730027079,0.004153337371827602,0.04314258962546439
8353,0.002825998971674141,0.002347284604011941,0.994826716424314
8354,0.024907830684824248,0.0485599466131252,0.9265322227020505
8355,0.9911749254036254,0.0010506492905146142,0.0077744253058600185
8356,0.8948838595953559,0.0033112047703183598,0.10180493563432567
8357,0.019486560081105726,0.00730577132558336,0.973207668593311
8358,0.023625934784643213,0.04308569199429398,0.9332883732210628
8359,0.9902187391732165,0.0005988558440219761,0.009182404982761473
8360,0.7097212371878714,0.0011528350900714124,0.28912592772205725
8361,0.42337150384450895,0.003404435599400587,0.5732240605560905
8362,0.8398614095222351,0.05719144792998765,0.10294714254777726
8363,0.17842595572776015,0.0010710535049982823,0.8205029907672415
8364,0.9334816690187616,0.00775871261009746,0.05875961837114099
8365,0.9423922490296782,0.0030874274067817188,0.05452032356353999
8366,0.6482658280019479,0.009988874081492896,0.34174529791655933
8367,0.9484588121607245,0.003027393390122854,0.04851379444915258
8368,0.8881483220155449,0.0018591860767842566,0.10999249190767091
8369,0.5416023230037087,0.007744004008798259,0.4506536729874929
8370,0.9206150965586496,0.0026220401511872706,0.0767628632901631
8371,0.8234085691406645,0.00797004454214744,0.16862138631718812
8372,0.0030348778181123167,0.0008980907745002061,0.9960670314073876
8373,0.030239986213165895,0.03749979883503497,0.9322602149517991
8374,0.15921735310705598,0.0020276951502219954,0.8387549517427221
8375,0.9940432122424743,0.0005809154196527135,0.005375872337873093
8376,0.07783930077978217,0.0067176495300264585,0.9154430496901914
8377,0.8074296979128972,0.06014103471019028,0.13242926737691263
8378,0.9645877328102027,0.005411910391865242,0.030000356797932073
8379,0.9486392221638109,0.0006426156865290101,0.05071816214966004
8380,0.7165522869673554,0.0036559924528059428,0.27979172057983864
8381,0.9676067162209329,0.009552314617012432,0.02284096916205479
8382,0.8165266007588861,0.0037805364283157454,0.1796928628127982
8383,0.9642492749619563,0.003632066223444789,0.032118658814598834
8384,0.9401734848892491,0.0007824560812258295,0.05904405902952514
8385,0.1019709283150882,0.23644844854702932,0.6615806231378824
8386,0.29439243144320265,0.033820844891620246,0.6717867236651771
8387,0.9887769482644361,0.001134014382623098,0.010089037352940753
8388,0.6204042974027889,0.0044548106240567716,0.3751408919731543
8389,0.9055395864727127,0.009337007251347692,0.0851234062759396
8390,0.0727279666019284,0.008682997007864218,0.9185890363902073
8391,0.8018767612002117,0.022174565365179456,0.17594867343460888
8392,0.9316339689561616,0.01027156683160609,0.058094464212232404
8393,0.9867612634887293,0.0015605677115956718,0.011678168799675199
8394,0.4178118123758311,0.05030806556027688,0.531880122063892
8395,0.1816736117335267,0.013911892566984916,0.8044144956994884
8396,0.887258938099326,0.009130311154335114,0.1036107507463389
8397,0.9656612408887544,0.001415593047138913,0.03292316606410656
8398,0.9724520057076873,0.0015104127003023671,0.026037581592010414
8399,0.9188887513670483,0.008816124171789574,0.07229512446116217
8400,0.003817159708683162,0.006950106400658299,0.9892327338906587
8401,0.504295757270707,0.09086843152479882,0.4048358112044941
8402,0.21377998481013932,0.07466049614420954,0.7115595190456512
8403,0.036063922658924545,0.08467560002015063,0.8792604773209248
8404,0.7334746225010356,0.006239070521620185,0.26028630697734423
8405,0.02554798423718103,0.001324290863595548,0.9731277248992234
8406,0.8739074969979961,0.001151110290531892,0.12494139271147198
8407,0.9432816248017641,0.0023344847011921668,0.05438389049704368
8408,0.8070565280662542,0.01123374363483115,0.18170972829891463
8409,0.05775033847064665,0.006090543906722964,0.9361591176226304
8410,0.4541605122474241,0.32955413065968553,0.21628535709289046
8411,0.9259270934341945,0.0016496008478174937,0.07242330571798802
8412,0.0038760552810547864,0.0034310843641720346,0.9926928603547731
8413,0.0025623569297938188,0.006385254743517072,0.9910523883266891
8414,0.9375226822124828,0.0008234431159152945,0.0616538746716019
8415,0.9454384526408393,0.011478359472791518,0.04308318788636931
8416,0.9599163436220591,0.0038290341805249178,0.03625462219741601
8417,0.6081441278443908,0.0023546169664425617,0.3895012551891666
8418,0.9061258682620669,0.013014514382999094,0.0808596173549342
8419,0.01844934490022825,0.028459192961622793,0.9530914621381489
8420,0.7437693692960431,0.003091416686820589,0.2531392140171363
8421,0.21954381325459157,0.02406546911011212,0.7563907176352963
8422,0.9844445483484104,0.0015827830094934932,0.013972668642095998
8423,0.939046591432382,0.012706738303762993,0.04824667026385495
8424,0.4997171486825752,0.0949542812614541,0.4053285700559708
8425,0.8986087238079307,0.010462817011012924,0.09092845918105641
8426,0.05760220644052892,0.06517217473339637,0.8772256188260747
8427,0.8580863041974366,0.05951561557732632,0.0823980802252371
8428,0.9921174244576367,0.00019169136972294472,0.0076908841726404465
8429,0.962661497480525,0.0012403454484693226,0.03609815707100578
8430,0.9623072447849582,0.010982721414577777,0.02671003380046396
8431,0.04981182955971231,0.0018997953874812527,0.9482883750528064
8432,0.8023769332489037,0.059113718146560655,0.1385093486045357
8433,0.8925226891679605,0.015127102352971508,0.09235020847906804
8434,0.02108529885592189,0.012974039469131103,0.965940661674947
8435,0.9748127238118335,0.000951356805291655,0.02423591938287495
8436,0.7621955927567611,0.016706296719582705,0.22109811052365633
8437,0.02456090636068947,0.006458294161796508,0.968980799477514
8438,0.9513107130093941,0.030622481769000107,0.018066805221605815
8439,0.3943599623527166,0.04199804758925961,0.5636419900580238
8440,0.8770559885227168,0.0193990846311701,0.10354492684611323
8441,0.10577131884292315,0.00180446129350531,0.8924242198635717
8442,0.9499285683231983,0.008092033741501132,0.041979397935300596
8443,0.9757922533560425,0.0011679118045545812,0.023039834839402893
8444,0.9250940541610431,0.019820880047500086,0.05508506579145665
8445,0.9859700133625072,0.006049086394380758,0.007980900243112076
8446,0.7949488030918304,0.00546437893338787,0.19958681797478178
8447,0.0495189132497164,0.03910540225585399,0.9113756844944296
8448,0.9426574020274269,0.0012831988089913842,0.05605939916358166
8449,0.27961267249309407,0.031815226652845974,0.68857210085406
8450,0.7072745525125468,0.03392122299106485,0.2588042244963884
8451,0.9783274046086977,0.005740005993206011,0.015932589398096303
8452,0.9886661730745003,0.002019690902162785,0.009314136023336942
8453,0.8369504208545459,0.023693282705362497,0.13935629644009184
8454,0.42236394551970174,0.0036298029230294715,0.5740062515572688
8455,0.1396759607269787,0.0004876065533042549,0.859836432719717
8456,0.4112993637548056,0.008564456184778513,0.580136180060416
8457,0.9829249921137558,0.00148957375862205,0.015585434127622009
8458,0.5366948432816313,0.1969318631596727,0.266373293558696
8459,0.96561296114145,0.0016601681725336944,0.03272687068601625
8460,0.9757198301425318,0.00799470519050665,0.01628546466696147
8461,0.02647888662548438,0.11399373487512625,0.8595273784993894
8462,0.9639406408293814,0.004846416917774578,0.031212942252844156
8463,0.6241424477114095,0.0014225812629971167,0.3744349710255933
8464,0.9402159527803674,0.006322863788390412,0.05346118343124212
8465,0.3249730688171825,0.0025842350525906916,0.6724426961302268
8466,0.9028762510317556,0.015248568418888836,0.08187518054935548
8467,0.9721614204570118,0.0007542406444739785,0.027084338898514363
8468,0.46516044492433556,0.018272797173835495,0.5165667579018289
8469,0.05282388272510447,0.02047711288487797,0.9266990043900175
8470,0.7362806898145898,0.018410290150257785,0.24530902003515248
8471,0.9338328592555737,0.0015758554317161207,0.0645912853127101
8472,0.9373232174879539,0.003448961328508183,0.059227821183538
8473,0.9766529971395703,0.0026320405886272576,0.020714962271802438
8474,0.7776485241807671,0.0511163768303718,0.1712350989888609
8475,0.09669738233431344,0.003439526653057025,0.8998630910126295
8476,0.9420311193400547,0.00520156557117984,0.05276731508876549
8477,0.511018199651842,0.13426235125239958,0.3547194490957583
8478,0.9141203191034213,0.007936592851153057,0.07794308804542566
8479,0.9629657266783744,0.012901324084051074,0.024132949237574444
8480,0.9370325495458002,0.0037221387411641932,0.05924531171303575
8481,0.9836030879152101,0.007173053410415791,0.009223858674374159
8482,0.47696358012180534,0.00726761436297071,0.5157688055152239
8483,0.032561857150414375,0.003639828183849499,0.9637983146657362
8484,0.9267140244332968,0.012778106575818807,0.06050786899088442
8485,0.970257348838537,0.0020905459971419485,0.02765210516432113
8486,0.053622723459030346,0.010257895014697047,0.9361193815262726
8487,0.6191068131643134,0.006009337227147623,0.37488384960853904
8488,0.9891378703531346,0.0005304006806363414,0.01033172896622902
8489,0.7472209496118188,0.0026443773014357633,0.2501346730867454
8490,0.0711548562694703,0.0789459122944226,0.8498992314361071
8491,0.09090185767532692,0.001732569632920271,0.9073655726917528
8492,0.8944840046010707,0.03816626938925842,0.06734972600967083
8493,0.9559703978963512,0.002640303247281653,0.04138929885636732
8494,0.8808780472726231,0.001707116466539732,0.1174148362608373
8495,0.943445998393875,0.003992378276598947,0.05256162332952623
8496,0.7871100201874427,0.009613518933237747,0.2032764608793196
8497,0.9741257635611137,0.0019962791737012445,0.023877957265185146
8498,0.036513790496060385,0.006621598314129591,0.9568646111898101
8499,0.9555053307905979,0.00844386313306268,0.036050806076339516
8500,0.912601870832537,0.02660744041394636,0.06079068875351679
8501,0.8651853137279959,0.004538630878383267,0.1302760553936207
8502,0.022839940786319967,0.00044830056621805253,0.976711758647462
8503,0.8706013783415837,0.007894768366506509,0.12150385329190985
8504,0.053275395036317535,0.004964123004659764,0.9417604819590227
8505,0.9587474584014061,0.0007804828889441611,0.04047205870964984
8506,0.9831839242944079,0.0002046030604143411,0.01661147264517761
8507,0.8305098766427772,0.0003422107567107256,0.1691479126005121
8508,0.9097931106316209,0.00029820547079741,0.08990868389758151
8509,0.9720922297386829,0.005410072665992794,0.02249769759532431
